17.0;456.0
17.016666666666666;725.7142857142857
17.033333333333335;276.0
17.05;420.0
17.066666666666666;480.0
17.083333333333332;336.0
17.1;420.0
17.116666666666667;324.0
17.133333333333333;384.0
17.15;288.0
17.166666666666668;345.0
17.183333333333334;276.0
17.2;432.0
17.216666666666665;384.0
17.233333333333334;444.0
17.25;336.0
17.266666666666666;410.0
17.283333333333335;330.0
17.3;420.0
17.316666666666666;315.0
17.333333333333332;420.0
17.35;435.0
17.366666666666667;340.0
17.383333333333333;348.0
17.4;420.0
17.416666666666668;435.0
17.433333333333334;396.0
17.45;348.0
17.466666666666665;320.0
17.483333333333334;440.0
17.5;495.0
17.516666666666666;420.0
17.533333333333335;375.0
17.55;315.0
17.566666666666666;432.0
17.583333333333332;255.0
17.6;480.0
17.616666666666667;300.0
17.633333333333333;432.0
17.65;375.0
17.666666666666668;270.0
17.683333333333334;255.0
17.7;525.0
17.716666666666665;420.0
17.733333333333334;315.0
17.75;240.0
17.766666666666666;540.0
17.783333333333335;360.0
17.8;468.0
17.816666666666666;300.0
17.833333333333332;270.0
17.85;350.0
17.866666666666667;210.0
17.883333333333333;300.0
17.9;300.0
17.916666666666668;220.0
17.933333333333334;375.0
17.95;420.0
17.966666666666665;300.0
17.983333333333334;390.0
