17.0;396.0
17.016666666666666;748.5714285714286
17.033333333333335;240.0
17.05;348.0
17.066666666666666;468.0
17.083333333333332;252.0
17.1;348.0
17.116666666666667;216.0
17.133333333333333;324.0
17.15;336.0
17.166666666666668;300.0
17.183333333333334;336.0
17.2;324.0
17.216666666666665;324.0
17.233333333333334;396.0
17.25;360.0
17.266666666666666;360.0
17.283333333333335;240.0
17.3;396.0
17.316666666666666;225.0
17.333333333333332;435.0
17.35;270.0
17.366666666666667;320.0
17.383333333333333;264.0
17.4;405.0
17.416666666666668;420.0
17.433333333333334;288.0
17.45;168.0
17.466666666666665;280.0
17.483333333333334;260.0
17.5;450.0
17.516666666666666;465.0
17.533333333333335;405.0
17.55;300.0
17.566666666666666;276.0
17.583333333333332;240.0
17.6;420.0
17.616666666666667;140.0
17.633333333333333;360.0
17.65;315.0
17.666666666666668;285.0
17.683333333333334;435.0
17.7;300.0
17.716666666666665;195.0
17.733333333333334;285.0
17.75;300.0
17.766666666666666;240.0
17.783333333333335;300.0
17.8;336.0
17.816666666666666;140.0
17.833333333333332;315.0
17.85;290.0
17.866666666666667;420.0
17.883333333333333;240.0
17.9;210.0
17.916666666666668;340.0
17.933333333333334;375.0
17.95;200.0
17.966666666666665;396.0
17.983333333333334;360.0
