17.0;324.0
17.016666666666666;308.57142857142856
17.033333333333335;408.0
17.05;492.0
17.066666666666666;336.0
17.083333333333332;528.0
17.1;528.0
17.116666666666667;456.0
17.133333333333333;456.0
17.15;456.0
17.166666666666668;555.0
17.183333333333334;456.0
17.2;432.0
17.216666666666665;420.0
17.233333333333334;396.0
17.25;396.0
17.266666666666666;600.0
17.283333333333335;645.0
17.3;564.0
17.316666666666666;525.0
17.333333333333332;465.0
17.35;555.0
17.366666666666667;400.0
17.383333333333333;600.0
17.4;570.0
17.416666666666668;630.0
17.433333333333334;648.0
17.45;696.0
17.466666666666665;500.0
17.483333333333334;400.0
17.5;360.0
17.516666666666666;465.0
17.533333333333335;660.0
17.55;495.0
17.566666666666666;648.0
17.583333333333332;630.0
17.6;585.0
17.616666666666667;1020.0
17.633333333333333;552.0
17.65;510.0
17.666666666666668;645.0
17.683333333333334;630.0
17.7;420.0
17.716666666666665;450.0
17.733333333333334;495.0
17.75;600.0
17.766666666666666;480.0
17.783333333333335;480.0
17.8;336.0
17.816666666666666;440.0
17.833333333333332;465.0
17.85;750.0
17.866666666666667;540.0
17.883333333333333;600.0
17.9;480.0
17.916666666666668;600.0
17.933333333333334;480.0
17.95;480.0
17.966666666666665;792.0
17.983333333333334;570.0
