17.0;696.0
17.016666666666666;960.0
17.033333333333335;864.0
17.05;804.0
17.066666666666666;768.0
17.083333333333332;792.0
17.1;804.0
17.116666666666667;876.0
17.133333333333333;948.0
17.15;636.0
17.166666666666668;765.0
17.183333333333334;876.0
17.2;1092.0
17.216666666666665;732.0
17.233333333333334;924.0
17.25;792.0
17.266666666666666;950.0
17.283333333333335;1170.0
17.3;1116.0
17.316666666666666;840.0
17.333333333333332;900.0
17.35;1050.0
17.366666666666667;660.0
17.383333333333333;840.0
17.4;870.0
17.416666666666668;990.0
17.433333333333334;900.0
17.45;1116.0
17.466666666666665;860.0
17.483333333333334;860.0
17.5;645.0
17.516666666666666;570.0
17.533333333333335;660.0
17.55;705.0
17.566666666666666;1032.0
17.583333333333332;780.0
17.6;780.0
17.616666666666667;1120.0
17.633333333333333;960.0
17.65;1005.0
17.666666666666668;840.0
17.683333333333334;825.0
17.7;795.0
17.716666666666665;825.0
17.733333333333334;675.0
17.75;660.0
17.766666666666666;600.0
17.783333333333335;740.0
17.8;684.0
17.816666666666666;800.0
17.833333333333332;825.0
17.85;1030.0
17.866666666666667;540.0
17.883333333333333;855.0
17.9;525.0
17.916666666666668;1040.0
17.933333333333334;930.0
17.95;800.0
17.966666666666665;912.0
17.983333333333334;930.0
