17.0;372.0
17.016666666666666;197.14285714285714
17.033333333333335;264.0
17.05;444.0
17.066666666666666;384.0
17.083333333333332;396.0
17.1;420.0
17.116666666666667;396.0
17.133333333333333;360.0
17.15;492.0
17.166666666666668;495.0
17.183333333333334;288.0
17.2;432.0
17.216666666666665;480.0
17.233333333333334;432.0
17.25;420.0
17.266666666666666;590.0
17.283333333333335;390.0
17.3;564.0
17.316666666666666;570.0
17.333333333333332;450.0
17.35;465.0
17.366666666666667;440.0
17.383333333333333;348.0
17.4;315.0
17.416666666666668;585.0
17.433333333333334;468.0
17.45;576.0
17.466666666666665;660.0
17.483333333333334;520.0
17.5;435.0
17.516666666666666;420.0
17.533333333333335;360.0
17.55;375.0
17.566666666666666;444.0
17.583333333333332;405.0
17.6;690.0
17.616666666666667;480.0
17.633333333333333;564.0
17.65;435.0
17.666666666666668;420.0
17.683333333333334;480.0
17.7;405.0
17.716666666666665;555.0
17.733333333333334;480.0
17.75;480.0
17.766666666666666;615.0
17.783333333333335;480.0
17.8;384.0
17.816666666666666;300.0
17.833333333333332;555.0
17.85;400.0
17.866666666666667;420.0
17.883333333333333;540.0
17.9;480.0
17.916666666666668;480.0
17.933333333333334;405.0
17.95;560.0
17.966666666666665;468.0
17.983333333333334;345.0
