17.0;468.0
17.016666666666666;602.8571428571429
17.033333333333335;408.0
17.05;456.0
17.066666666666666;420.0
17.083333333333332;396.0
17.1;468.0
17.116666666666667;396.0
17.133333333333333;312.0
17.15;396.0
17.166666666666668;420.0
17.183333333333334;444.0
17.2;432.0
17.216666666666665;396.0
17.233333333333334;576.0
17.25;552.0
17.266666666666666;610.0
17.283333333333335;735.0
17.3;588.0
17.316666666666666;525.0
17.333333333333332;675.0
17.35;450.0
17.366666666666667;520.0
17.383333333333333;600.0
17.4;705.0
17.416666666666668;540.0
17.433333333333334;624.0
17.45;648.0
17.466666666666665;580.0
17.483333333333334;460.0
17.5;555.0
17.516666666666666;360.0
17.533333333333335;585.0
17.55;450.0
17.566666666666666;468.0
17.583333333333332;450.0
17.6;735.0
17.616666666666667;440.0
17.633333333333333;348.0
17.65;570.0
17.666666666666668;435.0
17.683333333333334;465.0
17.7;345.0
17.716666666666665;645.0
17.733333333333334;600.0
17.75;405.0
17.766666666666666;480.0
17.783333333333335;520.0
17.8;384.0
17.816666666666666;500.0
17.833333333333332;345.0
17.85;520.0
17.866666666666667;510.0
17.883333333333333;510.0
17.9;495.0
17.916666666666668;300.0
17.933333333333334;390.0
17.95;520.0
17.966666666666665;528.0
17.983333333333334;495.0
