17.0;312.0
17.016666666666666;311.42857142857144
17.033333333333335;384.0
17.05;492.0
17.066666666666666;432.0
17.083333333333332;420.0
17.1;420.0
17.116666666666667;504.0
17.133333333333333;504.0
17.15;396.0
17.166666666666668;555.0
17.183333333333334;456.0
17.2;348.0
17.216666666666665;432.0
17.233333333333334;420.0
17.25;456.0
17.266666666666666;480.0
17.283333333333335;570.0
17.3;504.0
17.316666666666666;510.0
17.333333333333332;405.0
17.35;600.0
17.366666666666667;440.0
17.383333333333333;552.0
17.4;555.0
17.416666666666668;420.0
17.433333333333334;768.0
17.45;612.0
17.466666666666665;520.0
17.483333333333334;660.0
17.5;435.0
17.516666666666666;600.0
17.533333333333335;330.0
17.55;570.0
17.566666666666666;456.0
17.583333333333332;780.0
17.6;675.0
17.616666666666667;600.0
17.633333333333333;492.0
17.65;555.0
17.666666666666668;600.0
17.683333333333334;480.0
17.7;615.0
17.716666666666665;450.0
17.733333333333334;495.0
17.75;660.0
17.766666666666666;555.0
17.783333333333335;520.0
17.8;168.0
17.816666666666666;580.0
17.833333333333332;390.0
17.85;560.0
17.866666666666667;690.0
17.883333333333333;600.0
17.9;630.0
17.916666666666668;280.0
17.933333333333334;555.0
17.95;520.0
17.966666666666665;408.0
17.983333333333334;570.0
