17.0;264.0
17.016666666666666;371.42857142857144
17.033333333333335;420.0
17.05;468.0
17.066666666666666;408.0
17.083333333333332;540.0
17.1;504.0
17.116666666666667;360.0
17.133333333333333;432.0
17.15;384.0
17.166666666666668;495.0
17.183333333333334;324.0
17.2;420.0
17.216666666666665;312.0
17.233333333333334;456.0
17.25;360.0
17.266666666666666;470.0
17.283333333333335;570.0
17.3;468.0
17.316666666666666;375.0
17.333333333333332;405.0
17.35;390.0
17.366666666666667;560.0
17.383333333333333;324.0
17.4;510.0
17.416666666666668;420.0
17.433333333333334;696.0
17.45;552.0
17.466666666666665;440.0
17.483333333333334;540.0
17.5;375.0
17.516666666666666;390.0
17.533333333333335;480.0
17.55;405.0
17.566666666666666;444.0
17.583333333333332;645.0
17.6;495.0
17.616666666666667;420.0
17.633333333333333;420.0
17.65;495.0
17.666666666666668;525.0
17.683333333333334;495.0
17.7;540.0
17.716666666666665;360.0
17.733333333333334;495.0
17.75;540.0
17.766666666666666;345.0
17.783333333333335;400.0
17.8;432.0
17.816666666666666;440.0
17.833333333333332;315.0
17.85;440.0
17.866666666666667;720.0
17.883333333333333;570.0
17.9;405.0
17.916666666666668;240.0
17.933333333333334;540.0
17.95;460.0
17.966666666666665;288.0
17.983333333333334;525.0
