17.0;300.0
17.016666666666666;302.85714285714283
17.033333333333335;444.0
17.05;336.0
17.066666666666666;312.0
17.083333333333332;396.0
17.1;552.0
17.116666666666667;336.0
17.133333333333333;432.0
17.15;336.0
17.166666666666668;525.0
17.183333333333334;276.0
17.2;384.0
17.216666666666665;300.0
17.233333333333334;348.0
17.25;348.0
17.266666666666666;510.0
17.283333333333335;555.0
17.3;432.0
17.316666666666666;315.0
17.333333333333332;330.0
17.35;510.0
17.366666666666667;320.0
17.383333333333333;468.0
17.4;510.0
17.416666666666668;450.0
17.433333333333334;564.0
17.45;468.0
17.466666666666665;440.0
17.483333333333334;320.0
17.5;300.0
17.516666666666666;405.0
17.533333333333335;495.0
17.55;360.0
17.566666666666666;372.0
17.583333333333332;540.0
17.6;465.0
17.616666666666667;680.0
17.633333333333333;480.0
17.65;345.0
17.666666666666668;465.0
17.683333333333334;495.0
17.7;420.0
17.716666666666665;375.0
17.733333333333334;405.0
17.75;360.0
17.766666666666666;360.0
17.783333333333335;240.0
17.8;336.0
17.816666666666666;280.0
17.833333333333332;405.0
17.85;540.0
17.866666666666667;390.0
17.883333333333333;360.0
17.9;375.0
17.916666666666668;460.0
17.933333333333334;435.0
17.95;420.0
17.966666666666665;480.0
17.983333333333334;510.0
