17.0;324.0
17.016666666666666;71.42857142857143
17.033333333333335;420.0
17.05;408.0
17.066666666666666;384.0
17.083333333333332;396.0
17.1;276.0
17.116666666666667;480.0
17.133333333333333;300.0
17.15;396.0
17.166666666666668;510.0
17.183333333333334;324.0
17.2;468.0
17.216666666666665;360.0
17.233333333333334;456.0
17.25;324.0
17.266666666666666;560.0
17.283333333333335;375.0
17.3;396.0
17.316666666666666;375.0
17.333333333333332;480.0
17.35;480.0
17.366666666666667;320.0
17.383333333333333;516.0
17.4;240.0
17.416666666666668;420.0
17.433333333333334;612.0
17.45;324.0
17.466666666666665;460.0
17.483333333333334;440.0
17.5;315.0
17.516666666666666;345.0
17.533333333333335;465.0
17.55;420.0
17.566666666666666;384.0
17.583333333333332;600.0
17.6;390.0
17.616666666666667;800.0
17.633333333333333;636.0
17.65;255.0
17.666666666666668;495.0
17.683333333333334;330.0
17.7;525.0
17.716666666666665;465.0
17.733333333333334;345.0
17.75;405.0
17.766666666666666;375.0
17.783333333333335;660.0
17.8;756.0
17.816666666666666;540.0
17.833333333333332;690.0
17.85;630.0
17.866666666666667;600.0
17.883333333333333;315.0
17.9;495.0
17.916666666666668;600.0
17.933333333333334;585.0
17.95;520.0
17.966666666666665;564.0
17.983333333333334;570.0
