17.0;360.0
17.016666666666666;131.42857142857142
17.033333333333335;432.0
17.05;300.0
17.066666666666666;312.0
17.083333333333332;252.0
17.1;420.0
17.116666666666667;288.0
17.133333333333333;288.0
17.15;384.0
17.166666666666668;300.0
17.183333333333334;528.0
17.2;180.0
17.216666666666665;384.0
17.233333333333334;300.0
17.25;444.0
17.266666666666666;310.0
17.283333333333335;315.0
17.3;240.0
17.316666666666666;360.0
17.333333333333332;240.0
17.35;285.0
17.366666666666667;280.0
17.383333333333333;456.0
17.4;435.0
17.416666666666668;315.0
17.433333333333334;312.0
17.45;372.0
17.466666666666665;240.0
17.483333333333334;280.0
17.5;300.0
17.516666666666666;435.0
17.533333333333335;270.0
17.55;405.0
17.566666666666666;336.0
17.583333333333332;420.0
17.6;435.0
17.616666666666667;280.0
17.633333333333333;216.0
17.65;240.0
17.666666666666668;330.0
17.683333333333334;255.0
17.7;465.0
17.716666666666665;240.0
17.733333333333334;540.0
17.75;285.0
17.766666666666666;450.0
17.783333333333335;480.0
17.8;504.0
17.816666666666666;560.0
17.833333333333332;420.0
17.85;250.0
17.866666666666667;330.0
17.883333333333333;375.0
17.9;390.0
17.916666666666668;660.0
17.933333333333334;270.0
17.95;540.0
17.966666666666665;516.0
17.983333333333334;315.0
