17.0;0.0
17.016666666666666;0.0
17.033333333333335;0.0
17.05;0.0
17.066666666666666;0.0
17.083333333333332;0.0
17.1;0.0
17.116666666666667;0.0
17.133333333333333;0.0
17.15;0.0
17.166666666666668;0.0
17.183333333333334;0.0
17.2;0.0
17.216666666666665;0.0
17.233333333333334;0.0
17.25;0.0
17.266666666666666;0.0
17.283333333333335;0.0
17.3;0.0
17.316666666666666;0.0
17.333333333333332;0.0
17.35;0.0
17.366666666666667;0.0
17.383333333333333;0.0
17.4;0.0
17.416666666666668;0.0
17.433333333333334;0.0
17.45;0.0
17.466666666666665;0.0
17.483333333333334;0.0
17.5;0.0
17.516666666666666;0.0
17.533333333333335;0.0
17.55;0.0
17.566666666666666;0.0
17.583333333333332;0.0
17.6;0.0
17.616666666666667;0.0
17.633333333333333;0.0
17.65;0.0
17.666666666666668;0.0
17.683333333333334;0.0
17.7;0.0
17.716666666666665;0.0
17.733333333333334;0.0
17.75;0.0
17.766666666666666;0.0
17.783333333333335;0.0
17.8;0.0
17.816666666666666;0.0
17.833333333333332;0.0
17.85;0.0
17.866666666666667;0.0
17.883333333333333;0.0
17.9;0.0
17.916666666666668;0.0
17.933333333333334;0.0
17.95;0.0
17.966666666666665;0.0
17.983333333333334;0.0
