17.0;456.0
17.016666666666666;494.2857142857143
17.033333333333335;432.0
17.05;432.0
17.066666666666666;420.0
17.083333333333332;348.0
17.1;480.0
17.116666666666667;348.0
17.133333333333333;408.0
17.15;660.0
17.166666666666668;465.0
17.183333333333334;504.0
17.2;456.0
17.216666666666665;444.0
17.233333333333334;372.0
17.25;552.0
17.266666666666666;420.0
17.283333333333335;495.0
17.3;396.0
17.316666666666666;810.0
17.333333333333332;555.0
17.35;600.0
17.366666666666667;380.0
17.383333333333333;348.0
17.4;465.0
17.416666666666668;645.0
17.433333333333334;444.0
17.45;372.0
17.466666666666665;380.0
17.483333333333334;560.0
17.5;240.0
17.516666666666666;765.0
17.533333333333335;435.0
17.55;450.0
17.566666666666666;240.0
17.583333333333332;585.0
17.6;435.0
17.616666666666667;400.0
17.633333333333333;504.0
17.65;390.0
17.666666666666668;615.0
17.683333333333334;465.0
17.7;375.0
17.716666666666665;495.0
17.733333333333334;450.0
17.75;315.0
17.766666666666666;480.0
17.783333333333335;420.0
17.8;444.0
17.816666666666666;420.0
17.833333333333332;420.0
17.85;410.0
17.866666666666667;750.0
17.883333333333333;495.0
17.9;450.0
17.916666666666668;400.0
17.933333333333334;510.0
17.95;300.0
17.966666666666665;708.0
17.983333333333334;375.0
