17.0;275.6
17.016666666666666;93.42857142857143
17.033333333333335;371.6
17.05;335.6
17.066666666666666;359.6
17.083333333333332;263.6
17.1;311.6
17.116666666666667;251.6
17.133333333333333;371.6
17.15;299.6
17.166666666666668;404.75
17.183333333333334;335.6
17.2;359.6
17.216666666666665;215.6
17.233333333333334;395.6
17.25;287.6
17.266666666666666;249.33333333333334
17.283333333333335;344.5
17.3;191.4
17.316666666666666;299.5
17.333333333333332;284.5
17.35;239.5
17.366666666666667;359.6666666666667
17.383333333333333;143.4
17.4;314.5
17.416666666666668;299.5
17.433333333333334;323.4
17.45;275.4
17.466666666666665;259.6666666666667
17.483333333333334;439.6666666666667
17.5;284.5
17.516666666666666;269.5
17.533333333333335;269.5
17.55;359.5
17.566666666666666;275.4
17.583333333333332;254.5
17.6;194.5
17.616666666666667;279.6666666666667
17.633333333333333;215.4
17.65;284.5
17.666666666666668;284.5
17.683333333333334;344.5
17.7;299.5
17.716666666666665;374.5
17.733333333333334;344.5
17.75;209.5
17.766666666666666;344.5
17.783333333333335;359.6666666666667
17.8;203.4
17.816666666666666;399.6666666666667
17.833333333333332;239.5
17.85;229.33333333333334
17.866666666666667;510.0
17.883333333333333;314.5
17.9;239.5
17.916666666666668;479.6666666666667
17.933333333333334;254.5
17.95;219.33333333333334
17.966666666666665;407.6
17.983333333333334;254.5
