17.0;372.0
17.016666666666666;468.57142857142856
17.033333333333335;444.0
17.05;480.0
17.066666666666666;348.0
17.083333333333332;372.0
17.1;396.0
17.116666666666667;336.0
17.133333333333333;288.0
17.15;336.0
17.166666666666668;225.0
17.183333333333334;456.0
17.2;504.0
17.216666666666665;384.0
17.233333333333334;336.0
17.25;396.0
17.266666666666666;360.0
17.283333333333335;405.0
17.3;408.0
17.316666666666666;405.0
17.333333333333332;330.0
17.35;525.0
17.366666666666667;380.0
17.383333333333333;432.0
17.4;375.0
17.416666666666668;840.0
17.433333333333334;468.0
17.45;456.0
17.466666666666665;300.0
17.483333333333334;300.0
17.5;360.0
17.516666666666666;345.0
17.533333333333335;570.0
17.55;330.0
17.566666666666666;240.0
17.583333333333332;375.0
17.6;600.0
17.616666666666667;560.0
17.633333333333333;420.0
17.65;495.0
17.666666666666668;240.0
17.683333333333334;525.0
17.7;360.0
17.716666666666665;420.0
17.733333333333334;420.0
17.75;375.0
17.766666666666666;285.0
17.783333333333335;520.0
17.8;300.0
17.816666666666666;500.0
17.833333333333332;375.0
17.85;350.0
17.866666666666667;540.0
17.883333333333333;510.0
17.9;375.0
17.916666666666668;240.0
17.933333333333334;630.0
17.95;440.0
17.966666666666665;384.0
17.983333333333334;270.0
