17.0;348.0
17.016666666666666;554.2857142857143
17.033333333333335;384.0
17.05;540.0
17.066666666666666;588.0
17.083333333333332;408.0
17.1;456.0
17.116666666666667;300.0
17.133333333333333;504.0
17.15;360.0
17.166666666666668;345.0
17.183333333333334;276.0
17.2;372.0
17.216666666666665;468.0
17.233333333333334;600.0
17.25;468.0
17.266666666666666;400.0
17.283333333333335;345.0
17.3;612.0
17.316666666666666;435.0
17.333333333333332;360.0
17.35;450.0
17.366666666666667;400.0
17.383333333333333;444.0
17.4;450.0
17.416666666666668;480.0
17.433333333333334;492.0
17.45;408.0
17.466666666666665;560.0
17.483333333333334;480.0
17.5;465.0
17.516666666666666;450.0
17.533333333333335;510.0
17.55;525.0
17.566666666666666;444.0
17.583333333333332;510.0
17.6;510.0
17.616666666666667;580.0
17.633333333333333;396.0
17.65;675.0
17.666666666666668;390.0
17.683333333333334;540.0
17.7;465.0
17.716666666666665;330.0
17.733333333333334;555.0
17.75;300.0
17.766666666666666;585.0
17.783333333333335;400.0
17.8;480.0
17.816666666666666;540.0
17.833333333333332;600.0
17.85;520.0
17.866666666666667;480.0
17.883333333333333;615.0
17.9;465.0
17.916666666666668;340.0
17.933333333333334;390.0
17.95;500.0
17.966666666666665;408.0
17.983333333333334;525.0
