17.0;384.0
17.016666666666666;660.0
17.033333333333335;444.0
17.05;444.0
17.066666666666666;564.0
17.083333333333332;492.0
17.1;420.0
17.116666666666667;600.0
17.133333333333333;624.0
17.15;624.0
17.166666666666668;465.0
17.183333333333334;672.0
17.2;504.0
17.216666666666665;540.0
17.233333333333334;636.0
17.25;576.0
17.266666666666666;540.0
17.283333333333335;630.0
17.3;372.0
17.316666666666666;615.0
17.333333333333332;480.0
17.35;480.0
17.366666666666667;520.0
17.383333333333333;552.0
17.4;525.0
17.416666666666668;450.0
17.433333333333334;468.0
17.45;576.0
17.466666666666665;440.0
17.483333333333334;460.0
17.5;405.0
17.516666666666666;510.0
17.533333333333335;360.0
17.55;390.0
17.566666666666666;480.0
17.583333333333332;510.0
17.6;615.0
17.616666666666667;580.0
17.633333333333333;384.0
17.65;570.0
17.666666666666668;555.0
17.683333333333334;480.0
17.7;405.0
17.716666666666665;450.0
17.733333333333334;345.0
17.75;375.0
17.766666666666666;510.0
17.783333333333335;260.0
17.8;468.0
17.816666666666666;420.0
17.833333333333332;465.0
17.85;370.0
17.866666666666667;300.0
17.883333333333333;630.0
17.9;525.0
17.916666666666668;520.0
17.933333333333334;495.0
17.95;420.0
17.966666666666665;444.0
17.983333333333334;585.0
