17.0;504.0
17.016666666666666;837.1428571428571
17.033333333333335;444.0
17.05;624.0
17.066666666666666;564.0
17.083333333333332;528.0
17.1;504.0
17.116666666666667;564.0
17.133333333333333;552.0
17.15;468.0
17.166666666666668;285.0
17.183333333333334;408.0
17.2;528.0
17.216666666666665;624.0
17.233333333333334;720.0
17.25;492.0
17.266666666666666;470.0
17.283333333333335;525.0
17.3;660.0
17.316666666666666;540.0
17.333333333333332;375.0
17.35;540.0
17.366666666666667;460.0
17.383333333333333;408.0
17.4;570.0
17.416666666666668;465.0
17.433333333333334;564.0
17.45;600.0
17.466666666666665;780.0
17.483333333333334;560.0
17.5;630.0
17.516666666666666;570.0
17.533333333333335;615.0
17.55;495.0
17.566666666666666;612.0
17.583333333333332;435.0
17.6;660.0
17.616666666666667;380.0
17.633333333333333;600.0
17.65;555.0
17.666666666666668;555.0
17.683333333333334;495.0
17.7;450.0
17.716666666666665;660.0
17.733333333333334;405.0
17.75;480.0
17.766666666666666;495.0
17.783333333333335;340.0
17.8;504.0
17.816666666666666;660.0
17.833333333333332;435.0
17.85;490.0
17.866666666666667;810.0
17.883333333333333;420.0
17.9;510.0
17.916666666666668;220.0
17.933333333333334;555.0
17.95;620.0
17.966666666666665;624.0
17.983333333333334;510.0
