17.0;480.0
17.016666666666666;428.57142857142856
17.033333333333335;420.0
17.05;480.0
17.066666666666666;312.0
17.083333333333332;492.0
17.1;612.0
17.116666666666667;540.0
17.133333333333333;468.0
17.15;492.0
17.166666666666668;540.0
17.183333333333334;456.0
17.2;612.0
17.216666666666665;444.0
17.233333333333334;480.0
17.25;444.0
17.266666666666666;400.0
17.283333333333335;465.0
17.3;504.0
17.316666666666666;600.0
17.333333333333332;480.0
17.35;405.0
17.366666666666667;500.0
17.383333333333333;600.0
17.4;300.0
17.416666666666668;345.0
17.433333333333334;408.0
17.45;432.0
17.466666666666665;280.0
17.483333333333334;420.0
17.5;450.0
17.516666666666666;300.0
17.533333333333335;405.0
17.55;675.0
17.566666666666666;564.0
17.583333333333332;375.0
17.6;345.0
17.616666666666667;220.0
17.633333333333333;660.0
17.65;375.0
17.666666666666668;480.0
17.683333333333334;375.0
17.7;330.0
17.716666666666665;420.0
17.733333333333334;510.0
17.75;420.0
17.766666666666666;300.0
17.783333333333335;240.0
17.8;504.0
17.816666666666666;540.0
17.833333333333332;450.0
17.85;590.0
17.866666666666667;330.0
17.883333333333333;300.0
17.9;315.0
17.916666666666668;340.0
17.933333333333334;270.0
17.95;400.0
17.966666666666665;240.0
17.983333333333334;330.0
