17.0;347.8
17.016666666666666;422.8095238095238
17.033333333333335;335.8
17.05;431.8
17.066666666666666;287.8
17.083333333333332;383.8
17.1;407.8
17.116666666666667;347.8
17.133333333333333;467.8
17.15;491.8
17.166666666666668;374.75
17.183333333333334;503.8
17.2;263.8
17.216666666666665;347.8
17.233333333333334;359.8
17.25;455.8
17.266666666666666;519.8333333333334
17.283333333333335;449.75
17.3;527.8
17.316666666666666;329.75
17.333333333333332;539.75
17.35;344.75
17.366666666666667;339.6666666666667
17.383333333333333;455.8
17.4;254.75
17.416666666666668;269.75
17.433333333333334;575.8
17.45;491.8
17.466666666666665;279.6666666666667
17.483333333333334;159.66666666666666
17.5;404.75
17.516666666666666;494.75
17.533333333333335;344.75
17.55;374.75
17.566666666666666;431.8
17.583333333333332;359.75
17.6;434.75
17.616666666666667;419.6666666666667
17.633333333333333;419.8
17.65;464.75
17.666666666666668;465.0
17.683333333333334;465.0
17.7;510.0
17.716666666666665;675.0
17.733333333333334;615.0
17.75;540.0
17.766666666666666;615.0
17.783333333333335;840.0
17.8;504.0
17.816666666666666;760.0
17.833333333333332;540.0
17.85;430.0
17.866666666666667;750.0
17.883333333333333;585.0
17.9;315.0
17.916666666666668;780.0
17.933333333333334;525.0
17.95;540.0
17.966666666666665;660.0
17.983333333333334;525.0
