17.0;420.0
17.016666666666666;340.0
17.033333333333335;300.0
17.05;396.0
17.066666666666666;456.0
17.083333333333332;300.0
17.1;492.0
17.116666666666667;516.0
17.133333333333333;444.0
17.15;456.0
17.166666666666668;390.0
17.183333333333334;408.0
17.2;324.0
17.216666666666665;492.0
17.233333333333334;528.0
17.25;504.0
17.266666666666666;580.0
17.283333333333335;405.0
17.3;288.0
17.316666666666666;600.0
17.333333333333332;465.0
17.35;615.0
17.366666666666667;520.0
17.383333333333333;360.0
17.4;435.0
17.416666666666668;405.0
17.433333333333334;480.0
17.45;360.0
17.466666666666665;520.0
17.483333333333334;520.0
17.5;555.0
17.516666666666666;465.0
17.533333333333335;390.0
17.55;420.0
17.566666666666666;336.0
17.583333333333332;495.0
17.6;480.0
17.616666666666667;600.0
17.633333333333333;384.0
17.65;465.0
17.666666666666668;360.0
17.683333333333334;495.0
17.7;480.0
17.716666666666665;555.0
17.733333333333334;465.0
17.75;390.0
17.766666666666666;540.0
17.783333333333335;620.0
17.8;372.0
17.816666666666666;400.0
17.833333333333332;345.0
17.85;360.0
17.866666666666667;630.0
17.883333333333333;450.0
17.9;495.0
17.916666666666668;400.0
17.933333333333334;525.0
17.95;560.0
17.966666666666665;336.0
17.983333333333334;540.0
