17.0;384.0
17.016666666666666;348.57142857142856
17.033333333333335;324.0
17.05;360.0
17.066666666666666;480.0
17.083333333333332;504.0
17.1;468.0
17.116666666666667;456.0
17.133333333333333;528.0
17.15;420.0
17.166666666666668;510.0
17.183333333333334;384.0
17.2;540.0
17.216666666666665;504.0
17.233333333333334;420.0
17.25;564.0
17.266666666666666;400.0
17.283333333333335;510.0
17.3;432.0
17.316666666666666;435.0
17.333333333333332;360.0
17.35;330.0
17.366666666666667;380.0
17.383333333333333;408.0
17.4;360.0
17.416666666666668;390.0
17.433333333333334;312.0
17.45;372.0
17.466666666666665;540.0
17.483333333333334;380.0
17.5;360.0
17.516666666666666;450.0
17.533333333333335;450.0
17.55;495.0
17.566666666666666;432.0
17.583333333333332;405.0
17.6;345.0
17.616666666666667;300.0
17.633333333333333;408.0
17.65;435.0
17.666666666666668;345.0
17.683333333333334;285.0
17.7;300.0
17.716666666666665;480.0
17.733333333333334;480.0
17.75;465.0
17.766666666666666;240.0
17.783333333333335;340.0
17.8;468.0
17.816666666666666;200.0
17.833333333333332;300.0
17.85;390.0
17.866666666666667;330.0
17.883333333333333;300.0
17.9;480.0
17.916666666666668;500.0
17.933333333333334;240.0
17.95;380.0
17.966666666666665;348.0
17.983333333333334;300.0
