15.5;360.0
15.516666666666667;330.0
15.533333333333333;330.0
15.55;375.0
15.566666666666666;465.0
15.583333333333334;420.0
15.6;315.0
15.616666666666667;450.0
15.633333333333333;450.0
15.65;450.0
15.666666666666666;375.0
15.683333333333334;510.0
15.7;360.0
15.716666666666667;390.0
15.733333333333333;420.0
15.75;540.0
15.766666666666667;465.0
15.783333333333333;375.0
15.8;320.0
15.816666666666666;280.0
15.833333333333334;540.0
15.85;460.0
15.866666666666667;300.0
15.883333333333333;460.0
15.9;340.0
15.916666666666666;400.0
15.933333333333334;540.0
15.966666666666667;440.0
15.983333333333333;260.0
16.0;380.0
16.016666666666666;480.0
16.033333333333335;360.0
16.05;580.0
16.066666666666666;400.0
16.083333333333332;500.0
16.1;580.0
16.116666666666667;360.0
16.133333333333333;480.0
16.15;300.0
16.166666666666668;570.0
16.183333333333334;510.0
16.2;465.0
16.216666666666665;675.0
16.233333333333334;495.0
16.25;405.0
16.266666666666666;330.0
16.283333333333335;390.0
16.3;510.0
16.316666666666666;405.0
16.333333333333332;390.0
16.35;540.0
16.366666666666667;270.0
16.383333333333333;405.0
16.4;510.0
16.416666666666668;408.0
16.433333333333334;510.0
16.45;456.0
16.466666666666665;540.0
16.483333333333334;492.0
16.5;348.0
16.516666666666666;390.0
16.533333333333335;465.0
16.55;396.0
16.566666666666666;288.0
16.583333333333332;480.0
16.6;528.0
16.616666666666667;405.0
16.633333333333333;516.0
16.65;468.0
16.666666666666668;504.0
16.683333333333334;492.0
16.7;456.0
16.716666666666665;588.0
16.733333333333334;372.0
16.75;528.0
16.766666666666666;528.0
16.783333333333335;516.0
16.8;504.0
16.816666666666666;456.0
16.833333333333332;324.0
16.85;420.0
16.866666666666667;528.0
16.883333333333333;444.0
16.9;408.0
16.916666666666668;336.0
16.933333333333334;528.0
16.95;330.0
16.966666666666665;380.0
16.983333333333334;540.0
17.0;588.0
17.016666666666666;482.85714285714283
17.033333333333335;420.0
17.05;504.0
17.066666666666666;516.0
17.083333333333332;468.0
17.1;492.0
17.116666666666667;552.0
17.133333333333333;396.0
17.15;456.0
17.166666666666668;315.0
17.183333333333334;456.0
17.2;408.0
17.216666666666665;480.0
17.233333333333334;552.0
17.25;396.0
17.266666666666666;640.0
17.283333333333335;450.0
17.3;516.0
17.316666666666666;375.0
17.333333333333332;360.0
17.35;480.0
17.366666666666667;520.0
17.383333333333333;348.0
17.4;375.0
17.416666666666668;330.0
17.433333333333334;336.0
17.45;528.0
17.466666666666665;480.0
17.483333333333334;420.0
17.5;330.0
17.516666666666666;525.0
17.533333333333335;405.0
17.55;405.0
17.566666666666666;324.0
17.583333333333332;480.0
17.6;450.0
17.616666666666667;520.0
17.633333333333333;432.0
17.65;345.0
17.666666666666668;330.0
17.683333333333334;360.0
17.7;375.0
17.716666666666665;285.0
17.733333333333334;420.0
17.75;450.0
17.766666666666666;495.0
17.783333333333335;520.0
17.8;156.0
17.816666666666666;300.0
17.833333333333332;375.0
17.85;340.0
17.866666666666667;390.0
17.883333333333333;525.0
17.9;450.0
17.916666666666668;400.0
17.933333333333334;390.0
17.95;300.0
17.966666666666665;420.0
17.983333333333334;390.0
18.0;390.0
18.016666666666666;276.0
18.033333333333335;384.0
18.05;372.0
18.066666666666666;317.14285714285717
18.083333333333332;480.0
18.1;480.0
18.116666666666667;644.2105263157895
18.133333333333333;555.0
18.15;450.0
18.166666666666668;465.0
18.183333333333334;225.0
18.2;600.0
18.216666666666665;390.0
18.233333333333334;315.0
18.25;405.0
18.266666666666666;435.0
18.283333333333335;315.0
18.3;465.0
18.316666666666666;525.0
18.333333333333332;510.0
18.35;435.0
18.366666666666667;525.0
18.383333333333333;270.0
18.4;390.0
18.416666666666668;375.0
18.433333333333334;280.0
18.45;340.0
18.466666666666665;460.0
18.483333333333334;380.0
18.5;440.0
18.516666666666666;480.0
18.533333333333335;480.0
18.55;380.0
18.566666666666666;440.0
18.583333333333332;240.0
18.6;580.0
18.616666666666667;460.0
18.633333333333333;360.0
18.65;360.0
18.666666666666668;380.0
18.683333333333334;360.0
18.7;340.0
18.716666666666665;510.0
18.733333333333334;480.0
18.75;360.0
18.766666666666666;420.0
18.783333333333335;360.0
18.8;260.0
18.816666666666666;460.0
18.833333333333332;360.0
18.85;540.0
18.866666666666667;500.0
18.883333333333333;460.0
18.9;460.0
18.916666666666668;560.0
18.933333333333334;360.0
18.95;360.0
18.966666666666665;390.0
19.0;600.0
19.016666666666666;480.0
19.033333333333335;360.0
19.05;600.0
19.066666666666666;480.0
19.083333333333332;720.0
19.1;510.0
19.116666666666667;480.0
19.133333333333333;540.0
19.15;210.0
19.166666666666668;690.0
19.183333333333334;600.0
19.2;630.0
19.216666666666665;450.0
19.233333333333334;480.0
19.25;690.0
19.266666666666666;630.0
19.283333333333335;360.0
19.3;620.0
19.316666666666666;450.0
19.333333333333332;690.0
19.35;390.0
19.366666666666667;510.0
19.383333333333333;570.0
19.4;840.0
19.416666666666668;330.0
19.433333333333334;600.0
19.45;510.0
19.466666666666665;480.0
19.483333333333334;540.0
19.5;630.0
19.516666666666666;600.0
19.533333333333335;630.0
19.55;390.0
19.566666666666666;570.0
19.583333333333332;600.0
19.6;480.0
19.616666666666667;660.0
19.633333333333333;540.0
19.65;690.0
19.666666666666668;330.0
19.683333333333334;510.0
19.7;510.0
19.716666666666665;270.0
19.733333333333334;660.0
19.75;570.0
19.766666666666666;540.0
19.783333333333335;480.0
19.8;750.0
19.816666666666666;690.0
19.833333333333332;630.0
19.85;570.0
19.866666666666667;630.0
19.883333333333333;390.0
19.9;420.0
19.916666666666668;690.0
19.933333333333334;660.0
19.95;780.0
19.966666666666665;560.0
19.983333333333334;540.0
20.0;720.0
20.016666666666666;690.0
20.033333333333335;480.0
20.05;540.0
20.066666666666666;660.0
20.083333333333332;420.0
20.1;750.0
20.116666666666667;540.0
20.133333333333333;420.0
20.15;480.0
20.166666666666668;420.0
20.183333333333334;630.0
20.2;690.0
20.216666666666665;540.0
20.233333333333334;540.0
20.25;720.0
20.266666666666666;560.0
20.283333333333335;300.0
20.3;450.0
20.316666666666666;480.0
20.333333333333332;420.0
20.35;500.0
20.366666666666667;540.0
20.383333333333333;450.0
20.4;540.0
20.416666666666668;450.0
20.433333333333334;660.0
20.45;330.0
20.466666666666665;510.0
20.483333333333334;570.0
20.5;720.0
20.516666666666666;450.0
20.533333333333335;270.0
20.55;570.0
20.566666666666666;780.0
20.583333333333332;210.0
20.6;420.0
20.616666666666667;500.0
20.633333333333333;240.0
20.65;300.0
20.666666666666668;330.0
20.683333333333334;580.0
20.7;180.0
20.716666666666665;480.0
20.733333333333334;330.0
20.75;330.0
20.766666666666666;480.0
20.783333333333335;300.0
20.8;300.0
20.816666666666666;510.0
20.833333333333332;380.0
20.85;460.0
20.866666666666667;380.0
20.883333333333333;260.0
20.9;280.0
20.916666666666668;460.0
20.933333333333334;420.0
20.95;420.0
20.966666666666665;330.0
20.983333333333334;420.0
