17.0;432.0
17.016666666666666;500.0
17.033333333333335;384.0
17.05;492.0
17.066666666666666;336.0
17.083333333333332;408.0
17.1;408.0
17.116666666666667;444.0
17.133333333333333;480.0
17.15;600.0
17.166666666666668;525.0
17.183333333333334;384.0
17.2;456.0
17.216666666666665;516.0
17.233333333333334;528.0
17.25;396.0
17.266666666666666;550.0
17.283333333333335;375.0
17.3;360.0
17.316666666666666;525.0
17.333333333333332;450.0
17.35;405.0
17.366666666666667;520.0
17.383333333333333;408.0
17.4;450.0
17.416666666666668;405.0
17.433333333333334;456.0
17.45;492.0
17.466666666666665;440.0
17.483333333333334;440.0
17.5;435.0
17.516666666666666;480.0
17.533333333333335;435.0
17.55;465.0
17.566666666666666;564.0
17.583333333333332;435.0
17.6;480.0
17.616666666666667;340.0
17.633333333333333;444.0
17.65;480.0
17.666666666666668;465.0
17.683333333333334;345.0
17.7;480.0
17.716666666666665;525.0
17.733333333333334;480.0
17.75;390.0
17.766666666666666;345.0
17.783333333333335;400.0
17.8;564.0
17.816666666666666;560.0
17.833333333333332;345.0
17.85;440.0
17.866666666666667;390.0
17.883333333333333;435.0
17.9;345.0
17.916666666666668;480.0
17.933333333333334;480.0
17.95;540.0
17.966666666666665;420.0
17.983333333333334;540.0
