17.0;324.0
17.016666666666666;134.28571428571428
17.033333333333335;336.0
17.05;264.0
17.066666666666666;264.0
17.083333333333332;360.0
17.1;252.0
17.116666666666667;252.0
17.133333333333333;336.0
17.15;264.0
17.166666666666668;315.0
17.183333333333334;252.0
17.2;276.0
17.216666666666665;300.0
17.233333333333334;264.0
17.25;300.0
17.266666666666666;330.0
17.283333333333335;210.0
17.3;276.0
17.316666666666666;345.0
17.333333333333332;540.0
17.35;240.0
17.366666666666667;80.0
17.383333333333333;252.0
17.4;315.0
17.416666666666668;315.0
17.433333333333334;204.0
17.45;228.0
17.466666666666665;160.0
17.483333333333334;180.0
17.5;165.0
17.516666666666666;225.0
17.533333333333335;315.0
17.55;345.0
17.566666666666666;216.0
17.583333333333332;225.0
17.6;285.0
17.616666666666667;160.0
17.633333333333333;156.0
17.65;180.0
17.666666666666668;225.0
17.683333333333334;240.0
17.7;240.0
17.716666666666665;270.0
17.733333333333334;180.0
17.75;255.0
17.766666666666666;315.0
17.783333333333335;320.0
17.8;252.0
17.816666666666666;100.0
17.833333333333332;210.0
17.85;170.0
17.866666666666667;270.0
17.883333333333333;240.0
17.9;180.0
17.916666666666668;520.0
17.933333333333334;150.0
17.95;180.0
17.966666666666665;192.0
17.983333333333334;255.0
