17.0;396.0
17.016666666666666;305.7142857142857
17.033333333333335;228.0
17.05;336.0
17.066666666666666;372.0
17.083333333333332;432.0
17.1;336.0
17.116666666666667;300.0
17.133333333333333;420.0
17.15;324.0
17.166666666666668;525.0
17.183333333333334;168.0
17.2;300.0
17.216666666666665;264.0
17.233333333333334;216.0
17.25;360.0
17.266666666666666;460.0
17.283333333333335;330.0
17.3;252.0
17.316666666666666;405.0
17.333333333333332;300.0
17.35;345.0
17.366666666666667;340.0
17.383333333333333;372.0
17.4;330.0
17.416666666666668;390.0
17.433333333333334;396.0
17.45;360.0
17.466666666666665;340.0
17.483333333333334;280.0
17.5;360.0
17.516666666666666;330.0
17.533333333333335;315.0
17.55;240.0
17.566666666666666;348.0
17.583333333333332;210.0
17.6;240.0
17.616666666666667;160.0
17.633333333333333;288.0
17.65;360.0
17.666666666666668;300.0
17.683333333333334;450.0
17.7;495.0
17.716666666666665;285.0
17.733333333333334;330.0
17.75;315.0
17.766666666666666;315.0
17.783333333333335;320.0
17.8;264.0
17.816666666666666;320.0
17.833333333333332;405.0
17.85;470.0
17.866666666666667;330.0
17.883333333333333;330.0
17.9;435.0
17.916666666666668;420.0
17.933333333333334;255.0
17.95;260.0
17.966666666666665;216.0
17.983333333333334;510.0
