15.5;435.0
15.516666666666667;270.0
15.533333333333333;345.0
15.55;540.0
15.566666666666666;465.0
15.583333333333334;615.0
15.6;555.0
15.616666666666667;390.0
15.633333333333333;675.0
15.65;390.0
15.666666666666666;510.0
15.683333333333334;570.0
15.7;525.0
15.716666666666667;465.0
15.733333333333333;495.0
15.75;450.0
15.766666666666667;600.0
15.783333333333333;405.0
15.8;440.0
15.816666666666666;420.0
15.833333333333334;560.0
15.85;280.0
15.866666666666667;440.0
15.883333333333333;680.0
15.9;400.0
15.916666666666666;560.0
15.933333333333334;580.0
15.966666666666667;540.0
15.983333333333333;480.0
16.0;540.0
16.016666666666666;200.0
16.033333333333335;340.0
16.05;440.0
16.066666666666666;640.0
16.083333333333332;420.0
16.1;480.0
16.116666666666667;580.0
16.133333333333333;300.0
16.15;480.0
16.166666666666668;375.0
16.183333333333334;435.0
16.2;345.0
16.216666666666665;480.0
16.233333333333334;375.0
16.25;540.0
16.266666666666666;240.0
16.283333333333335;480.0
16.3;570.0
16.316666666666666;270.0
16.333333333333332;525.0
16.35;555.0
16.366666666666667;300.0
16.383333333333333;495.0
16.4;465.0
16.416666666666668;456.0
16.433333333333334;525.0
16.45;516.0
16.466666666666665;360.0
16.483333333333334;348.0
16.5;468.0
16.516666666666666;520.0
16.533333333333335;420.0
16.55;612.0
16.566666666666666;492.0
16.583333333333332;510.0
16.6;408.0
16.616666666666667;435.0
16.633333333333333;456.0
16.65;420.0
16.666666666666668;432.0
16.683333333333334;528.0
16.7;504.0
16.716666666666665;456.0
16.733333333333334;336.0
16.75;348.0
16.766666666666666;420.0
16.783333333333335;528.0
16.8;504.0
16.816666666666666;408.0
16.833333333333332;504.0
16.85;360.0
16.866666666666667;444.0
16.883333333333333;444.0
16.9;636.0
16.916666666666668;480.0
16.933333333333334;516.0
16.95;555.0
16.966666666666665;430.0
16.983333333333334;462.85714285714283
17.0;552.0
17.016666666666666;565.7142857142857
17.033333333333335;492.0
17.05;360.0
17.066666666666666;432.0
17.083333333333332;444.0
17.1;552.0
17.116666666666667;456.0
17.133333333333333;576.0
17.15;552.0
17.166666666666668;390.0
17.183333333333334;372.0
17.2;540.0
17.216666666666665;468.0
17.233333333333334;420.0
17.25;468.0
17.266666666666666;310.0
17.283333333333335;600.0
17.3;444.0
17.316666666666666;435.0
17.333333333333332;480.0
17.35;615.0
17.366666666666667;520.0
17.383333333333333;324.0
17.4;345.0
17.416666666666668;540.0
17.433333333333334;480.0
17.45;540.0
17.466666666666665;520.0
17.483333333333334;520.0
17.5;480.0
17.516666666666666;630.0
17.533333333333335;435.0
17.55;510.0
17.566666666666666;588.0
17.583333333333332;540.0
17.6;360.0
17.616666666666667;480.0
17.633333333333333;420.0
17.65;435.0
17.666666666666668;405.0
17.683333333333334;375.0
17.7;540.0
17.716666666666665;525.0
17.733333333333334;495.0
17.75;375.0
17.766666666666666;525.0
17.783333333333335;420.0
17.8;552.0
17.816666666666666;340.0
17.833333333333332;450.0
17.85;550.0
17.866666666666667;630.0
17.883333333333333;330.0
17.9;495.0
17.916666666666668;580.0
17.933333333333334;480.0
17.95;520.0
17.966666666666665;468.0
17.983333333333334;555.0
18.0;270.0
18.016666666666666;552.0
18.033333333333335;492.0
18.05;480.0
18.066666666666666;300.0
18.083333333333332;390.0
18.1;420.0
18.116666666666667;584.2105263157895
18.133333333333333;630.0
18.15;435.0
18.166666666666668;465.0
18.183333333333334;450.0
18.2;465.0
18.216666666666665;675.0
18.233333333333334;510.0
18.25;390.0
18.266666666666666;405.0
18.283333333333335;675.0
18.3;450.0
18.316666666666666;405.0
18.333333333333332;405.0
18.35;465.0
18.366666666666667;555.0
18.383333333333333;360.0
18.4;420.0
18.416666666666668;360.0
18.433333333333334;620.0
18.45;520.0
18.466666666666665;580.0
18.483333333333334;320.0
18.5;620.0
18.516666666666666;460.0
18.533333333333335;740.0
18.55;600.0
18.566666666666666;620.0
18.583333333333332;460.0
18.6;360.0
18.616666666666667;460.0
18.633333333333333;540.0
18.65;420.0
18.666666666666668;520.0
18.683333333333334;320.0
18.7;540.0
18.716666666666665;480.0
18.733333333333334;440.0
18.75;320.0
18.766666666666666;400.0
18.783333333333335;560.0
18.8;440.0
18.816666666666666;540.0
18.833333333333332;480.0
18.85;520.0
18.866666666666667;360.0
18.883333333333333;400.0
18.9;540.0
18.916666666666668;440.0
18.933333333333334;340.0
18.95;420.0
18.966666666666665;555.0
19.0;720.0
19.016666666666666;180.0
19.033333333333335;360.0
19.05;300.0
19.066666666666666;540.0
19.083333333333332;360.0
19.1;330.0
19.116666666666667;960.0
19.133333333333333;570.0
19.15;450.0
19.166666666666668;780.0
19.183333333333334;360.0
19.2;720.0
19.216666666666665;270.0
19.233333333333334;570.0
19.25;540.0
19.266666666666666;450.0
19.283333333333335;960.0
19.3;500.0
19.316666666666666;480.0
19.333333333333332;480.0
19.35;660.0
19.366666666666667;720.0
19.383333333333333;570.0
19.4;600.0
19.416666666666668;660.0
19.433333333333334;570.0
19.45;450.0
19.466666666666665;360.0
19.483333333333334;300.0
19.5;390.0
19.516666666666666;630.0
19.533333333333335;540.0
19.55;300.0
19.566666666666666;330.0
19.583333333333332;450.0
19.6;480.0
19.616666666666667;510.0
19.633333333333333;570.0
19.65;420.0
19.666666666666668;540.0
19.683333333333334;540.0
19.7;360.0
19.716666666666665;540.0
19.733333333333334;540.0
19.75;750.0
19.766666666666666;570.0
19.783333333333335;390.0
19.8;570.0
19.816666666666666;690.0
19.833333333333332;720.0
19.85;750.0
19.866666666666667;660.0
19.883333333333333;690.0
19.9;810.0
19.916666666666668;600.0
19.933333333333334;390.0
19.95;600.0
19.966666666666665;480.0
19.983333333333334;450.0
20.0;510.0
20.016666666666666;390.0
20.033333333333335;420.0
20.05;300.0
20.066666666666666;570.0
20.083333333333332;270.0
20.1;600.0
20.116666666666667;690.0
20.133333333333333;420.0
20.15;480.0
20.166666666666668;660.0
20.183333333333334;300.0
20.2;570.0
20.216666666666665;360.0
20.233333333333334;420.0
20.25;720.0
20.266666666666666;600.0
20.283333333333335;420.0
20.3;390.0
20.316666666666666;510.0
20.333333333333332;600.0
20.35;820.0
20.366666666666667;420.0
20.383333333333333;480.0
20.4;570.0
20.416666666666668;600.0
20.433333333333334;390.0
20.45;480.0
20.466666666666665;600.0
20.483333333333334;450.0
20.5;210.0
20.516666666666666;720.0
20.533333333333335;390.0
20.55;270.0
20.566666666666666;600.0
20.583333333333332;540.0
20.6;360.0
20.616666666666667;420.0
20.633333333333333;240.0
20.65;630.0
20.666666666666668;390.0
20.683333333333334;360.0
20.7;240.0
20.716666666666665;450.0
20.733333333333334;660.0
20.75;420.0
20.766666666666666;420.0
20.783333333333335;360.0
20.8;210.0
20.816666666666666;210.0
20.833333333333332;240.0
20.85;260.0
20.866666666666667;420.0
20.883333333333333;560.0
20.9;320.0
20.916666666666668;540.0
20.933333333333334;240.0
20.95;420.0
20.966666666666665;390.0
20.983333333333334;210.0
