17.0;21.4
17.016666666666666;21.80952380952381
17.033333333333335;21.0
17.05;20.6
17.066666666666666;20.4
17.083333333333332;20.8
17.1;21.0
17.116666666666667;21.0
17.133333333333333;21.0
17.15;20.6
17.166666666666668;20.75
17.183333333333334;20.8
17.2;21.6
17.216666666666665;21.0
17.233333333333334;20.8
17.25;20.8
17.266666666666666;21.0
17.283333333333335;20.75
17.3;21.0
17.316666666666666;20.75
17.333333333333332;21.0
17.35;21.0
17.366666666666667;21.333333333333332
17.383333333333333;20.8
17.4;20.75
17.416666666666668;20.75
17.433333333333334;20.2
17.45;20.8
17.466666666666665;20.0
17.483333333333334;20.333333333333332
17.5;21.0
17.516666666666666;21.25
17.533333333333335;21.0
17.55;21.25
17.566666666666666;21.4
17.583333333333332;20.25
17.6;20.25
17.616666666666667;20.666666666666668
17.633333333333333;20.4
17.65;20.5
17.666666666666668;20.75
17.683333333333334;20.0
17.7;20.25
17.716666666666665;20.75
17.733333333333334;20.75
17.75;20.25
17.766666666666666;20.25
17.783333333333335;20.0
17.8;21.0
17.816666666666666;21.333333333333332
17.833333333333332;21.5
17.85;20.333333333333332
17.866666666666667;20.5
17.883333333333333;20.25
17.9;21.0
17.916666666666668;21.666666666666668
17.933333333333334;21.25
17.95;21.0
17.966666666666665;20.4
17.983333333333334;20.25
