17.0;22.0
17.016666666666666;21.904761904761905
17.033333333333335;20.2
17.05;19.8
17.066666666666666;20.2
17.083333333333332;21.8
17.1;22.0
17.116666666666667;21.8
17.133333333333333;21.4
17.15;21.4
17.166666666666668;21.25
17.183333333333334;21.6
17.2;21.8
17.216666666666665;22.0
17.233333333333334;22.0
17.25;21.2
17.266666666666666;21.666666666666668
17.283333333333335;22.0
17.3;22.8
17.316666666666666;22.5
17.333333333333332;22.5
17.35;22.5
17.366666666666667;22.0
17.383333333333333;22.2
17.4;21.25
17.416666666666668;20.75
17.433333333333334;18.8
17.45;19.4
17.466666666666665;18.0
17.483333333333334;19.0
17.5;21.0
17.516666666666666;21.75
17.533333333333335;22.5
17.55;22.25
17.566666666666666;21.6
17.583333333333332;21.5
17.6;21.25
17.616666666666667;20.666666666666668
17.633333333333333;19.6
17.65;16.75
17.666666666666668;16.25
17.683333333333334;16.25
17.7;18.25
17.716666666666665;17.75
17.733333333333334;19.75
17.75;18.5
17.766666666666666;21.5
17.783333333333335;21.0
17.8;21.6
17.816666666666666;21.666666666666668
17.833333333333332;21.25
17.85;19.5
17.866666666666667;20.5
17.883333333333333;19.5
17.9;20.0
17.916666666666668;22.666666666666668
17.933333333333334;22.25
17.95;22.0
17.966666666666665;22.0
17.983333333333334;21.0
