17.0;18.8
17.016666666666666;17.428571428571427
17.033333333333335;18.2
17.05;18.8
17.066666666666666;17.4
17.083333333333332;17.6
17.1;17.6
17.116666666666667;19.4
17.133333333333333;19.8
17.15;20.0
17.166666666666668;20.25
17.183333333333334;19.2
17.2;18.8
17.216666666666665;17.8
17.233333333333334;19.2
17.25;19.0
17.266666666666666;18.5
17.283333333333335;19.25
17.3;18.8
17.316666666666666;18.25
17.333333333333332;17.0
17.35;15.25
17.366666666666667;16.666666666666668
17.383333333333333;17.6
17.4;17.0
17.416666666666668;17.5
17.433333333333334;16.2
17.45;18.4
17.466666666666665;17.333333333333332
17.483333333333334;18.666666666666668
17.5;19.0
17.516666666666666;18.5
17.533333333333335;18.5
17.55;18.75
17.566666666666666;20.6
17.583333333333332;18.5
17.6;18.5
17.616666666666667;14.0
17.633333333333333;16.4
17.65;14.5
17.666666666666668;17.0
17.683333333333334;17.75
17.7;16.25
17.716666666666665;17.75
17.733333333333334;16.0
17.75;19.0
17.766666666666666;19.0
17.783333333333335;19.666666666666668
17.8;18.2
17.816666666666666;19.0
17.833333333333332;18.5
17.85;17.166666666666668
17.866666666666667;20.0
17.883333333333333;17.0
17.9;15.75
17.916666666666668;16.666666666666668
17.933333333333334;17.0
17.95;18.666666666666668
17.966666666666665;17.4
17.983333333333334;17.5
