17.0;15.0
17.016666666666666;14.333333333333334
17.033333333333335;14.4
17.05;13.2
17.066666666666666;14.2
17.083333333333332;14.0
17.1;15.2
17.116666666666667;14.8
17.133333333333333;14.2
17.15;14.0
17.166666666666668;13.5
17.183333333333334;13.8
17.2;14.0
17.216666666666665;13.4
17.233333333333334;14.2
17.25;15.0
17.266666666666666;15.0
17.283333333333335;15.25
17.3;14.4
17.316666666666666;13.5
17.333333333333332;13.75
17.35;14.0
17.366666666666667;14.666666666666666
17.383333333333333;14.8
17.4;15.25
17.416666666666668;14.75
17.433333333333334;12.6
17.45;11.2
17.466666666666665;11.0
17.483333333333334;11.666666666666666
17.5;12.25
17.516666666666666;12.0
17.533333333333335;12.5
17.55;13.25
17.566666666666666;14.2
17.583333333333332;13.25
17.6;13.5
17.616666666666667;13.666666666666666
17.633333333333333;13.8
17.65;13.75
17.666666666666668;13.0
17.683333333333334;11.5
17.7;11.0
17.716666666666665;11.0
17.733333333333334;12.0
17.75;13.5
17.766666666666666;11.25
17.783333333333335;10.666666666666666
17.8;10.4
17.816666666666666;14.0
17.833333333333332;11.75
17.85;13.5
17.866666666666667;12.0
17.883333333333333;12.5
17.9;12.5
17.916666666666668;13.666666666666666
17.933333333333334;14.75
17.95;13.666666666666666
17.966666666666665;14.4
17.983333333333334;13.0
