17.0;15.6
17.016666666666666;16.476190476190474
17.033333333333335;15.2
17.05;15.4
17.066666666666666;16.4
17.083333333333332;16.0
17.1;16.0
17.116666666666667;15.8
17.133333333333333;16.2
17.15;15.8
17.166666666666668;14.25
17.183333333333334;15.2
17.2;15.2
17.216666666666665;15.0
17.233333333333334;15.4
17.25;15.2
17.266666666666666;11.333333333333334
17.283333333333335;14.5
17.3;12.8
17.316666666666666;11.25
17.333333333333332;11.0
17.35;11.0
17.366666666666667;14.666666666666666
17.383333333333333;10.8
17.4;12.0
17.416666666666668;12.0
17.433333333333334;10.4
17.45;10.2
17.466666666666665;13.666666666666666
17.483333333333334;15.333333333333334
17.5;14.0
17.516666666666666;14.25
17.533333333333335;14.5
17.55;14.25
17.566666666666666;12.0
17.583333333333332;12.75
17.6;12.5
17.616666666666667;10.0
17.633333333333333;12.2
17.65;11.25
17.666666666666668;11.25
17.683333333333334;11.0
17.7;11.0
17.716666666666665;11.75
17.733333333333334;12.75
17.75;12.5
17.766666666666666;12.5
17.783333333333335;12.666666666666666
17.8;15.2
17.816666666666666;15.0
17.833333333333332;15.25
17.85;15.333333333333334
17.866666666666667;16.0
17.883333333333333;16.5
17.9;16.5
17.916666666666668;16.666666666666668
17.933333333333334;15.75
17.95;15.333333333333334
17.966666666666665;13.6
17.983333333333334;13.75
