17.0;16.6
17.016666666666666;16.666666666666668
17.033333333333335;15.2
17.05;15.0
17.066666666666666;15.2
17.083333333333332;15.8
17.1;16.0
17.116666666666667;16.2
17.133333333333333;15.6
17.15;15.4
17.166666666666668;14.75
17.183333333333334;13.8
17.2;14.4
17.216666666666665;14.2
17.233333333333334;14.8
17.25;15.2
17.266666666666666;14.5
17.283333333333335;14.25
17.3;14.0
17.316666666666666;14.5
17.333333333333332;13.5
17.35;13.75
17.366666666666667;13.666666666666666
17.383333333333333;14.8
17.4;14.25
17.416666666666668;14.25
17.433333333333334;13.6
17.45;13.6
17.466666666666665;14.666666666666666
17.483333333333334;15.333333333333334
17.5;15.0
17.516666666666666;14.5
17.533333333333335;14.75
17.55;15.5
17.566666666666666;14.6
17.583333333333332;13.5
17.6;13.5
17.616666666666667;15.0
17.633333333333333;14.8
17.65;14.5
17.666666666666668;13.75
17.683333333333334;13.75
17.7;14.75
17.716666666666665;14.5
17.733333333333334;14.75
17.75;13.25
17.766666666666666;12.5
17.783333333333335;10.666666666666666
17.8;12.2
17.816666666666666;11.333333333333334
17.833333333333332;12.5
17.85;12.333333333333334
17.866666666666667;12.5
17.883333333333333;12.0
17.9;12.75
17.916666666666668;14.666666666666666
17.933333333333334;14.25
17.95;12.333333333333334
17.966666666666665;13.2
17.983333333333334;13.25
