17.0;30.4
17.016666666666666;25.571428571428573
17.033333333333335;24.8
17.05;23.8
17.066666666666666;25.0
17.083333333333332;27.6
17.1;27.4
17.116666666666667;28.6
17.133333333333333;29.6
17.15;33.2
17.166666666666668;30.25
17.183333333333334;29.0
17.2;26.8
17.216666666666665;28.6
17.233333333333334;28.2
17.25;28.6
17.266666666666666;27.333333333333332
17.283333333333335;28.75
17.3;33.4
17.316666666666666;32.25
17.333333333333332;31.0
17.35;27.0
17.366666666666667;26.666666666666668
17.383333333333333;20.4
17.4;19.25
17.416666666666668;20.0
17.433333333333334;16.0
17.45;17.6
17.466666666666665;26.666666666666668
17.483333333333334;31.0
17.5;27.0
17.516666666666666;28.5
17.533333333333335;25.25
17.55;26.5
17.566666666666666;27.6
17.583333333333332;29.25
17.6;25.25
17.616666666666667;23.0
17.633333333333333;25.4
17.65;26.5
17.666666666666668;28.75
17.683333333333334;26.0
17.7;23.5
17.716666666666665;24.0
17.733333333333334;26.5
17.75;29.25
17.766666666666666;29.5
17.783333333333335;30.666666666666668
17.8;33.0
17.816666666666666;31.0
17.833333333333332;31.25
17.85;28.0
17.866666666666667;26.0
17.883333333333333;22.25
17.9;23.0
17.916666666666668;25.666666666666668
17.933333333333334;21.0
17.95;16.333333333333332
17.966666666666665;25.4
17.983333333333334;28.75
