17.0;11.2
17.016666666666666;1.8095238095238095
17.033333333333335;10.8
17.05;11.0
17.066666666666666;11.0
17.083333333333332;10.8
17.1;11.0
17.116666666666667;11.2
17.133333333333333;11.0
17.15;11.0
17.166666666666668;13.75
17.183333333333334;11.0
17.2;11.0
17.216666666666665;11.2
17.233333333333334;11.6
17.25;10.8
17.266666666666666;5.5
17.283333333333335;8.5
17.3;7.0
17.316666666666666;9.0
17.333333333333332;9.5
17.35;9.25
17.366666666666667;12.666666666666666
17.383333333333333;7.2
17.4;9.25
17.416666666666668;9.25
17.433333333333334;7.2
17.45;7.0
17.466666666666665;11.333333333333334
17.483333333333334;11.333333333333334
17.5;8.75
17.516666666666666;9.5
17.533333333333335;9.25
17.55;9.0
17.566666666666666;6.8
17.583333333333332;9.0
17.6;9.0
17.616666666666667;12.666666666666666
17.633333333333333;7.0
17.65;9.0
17.666666666666668;8.75
17.683333333333334;9.0
17.7;9.0
17.716666666666665;9.25
17.733333333333334;9.25
17.75;9.25
17.766666666666666;9.0
17.783333333333335;12.0
17.8;7.0
17.816666666666666;12.333333333333334
17.833333333333332;9.25
17.85;5.833333333333333
17.866666666666667;20.0
17.883333333333333;9.75
17.9;9.5
17.916666666666668;13.0
17.933333333333334;9.25
17.95;5.666666666666667
17.966666666666665;10.8
17.983333333333334;8.75
