17.0;12.6
17.016666666666666;15.19047619047619
17.033333333333335;12.6
17.05;12.2
17.066666666666666;12.0
17.083333333333332;13.0
17.1;13.0
17.116666666666667;12.6
17.133333333333333;11.4
17.15;11.8
17.166666666666668;10.5
17.183333333333334;12.0
17.2;11.4
17.216666666666665;11.2
17.233333333333334;11.6
17.25;12.0
17.266666666666666;12.666666666666666
17.283333333333335;11.5
17.3;12.2
17.316666666666666;12.25
17.333333333333332;12.0
17.35;11.5
17.366666666666667;10.0
17.383333333333333;11.6
17.4;11.25
17.416666666666668;11.25
17.433333333333334;12.4
17.45;12.6
17.466666666666665;10.666666666666666
17.483333333333334;10.333333333333334
17.5;11.25
17.516666666666666;11.25
17.533333333333335;11.25
17.55;11.75
17.566666666666666;11.2
17.583333333333332;10.5
17.6;10.5
17.616666666666667;10.333333333333334
17.633333333333333;12.6
17.65;12.5
17.666666666666668;12.5
17.683333333333334;15.5
17.7;14.75
17.716666666666665;15.0
17.733333333333334;15.5
17.75;16.0
17.766666666666666;15.75
17.783333333333335;15.0
17.8;15.8
17.816666666666666;15.333333333333334
17.833333333333332;16.25
17.85;16.5
17.866666666666667;15.0
17.883333333333333;16.0
17.9;15.25
17.916666666666668;14.666666666666666
17.933333333333334;14.75
17.95;15.333333333333334
17.966666666666665;13.6
17.983333333333334;14.0
