17.0;19.8
17.016666666666666;19.904761904761905
17.033333333333335;19.8
17.05;19.6
17.066666666666666;19.2
17.083333333333332;19.0
17.1;19.8
17.116666666666667;19.6
17.133333333333333;19.6
17.15;19.8
17.166666666666668;20.0
17.183333333333334;20.4
17.2;20.0
17.216666666666665;19.4
17.233333333333334;19.4
17.25;19.4
17.266666666666666;19.166666666666668
17.283333333333335;19.75
17.3;19.6
17.316666666666666;19.75
17.333333333333332;19.25
17.35;19.25
17.366666666666667;20.0
17.383333333333333;19.4
17.4;20.0
17.416666666666668;19.25
17.433333333333334;19.8
17.45;19.6
17.466666666666665;19.0
17.483333333333334;19.666666666666668
17.5;20.0
17.516666666666666;19.5
17.533333333333335;20.0
17.55;20.25
17.566666666666666;19.4
17.583333333333332;19.0
17.6;18.5
17.616666666666667;19.333333333333332
17.633333333333333;19.8
17.65;19.75
17.666666666666668;20.0
17.683333333333334;20.0
17.7;19.25
17.716666666666665;17.5
17.733333333333334;16.75
17.75;16.0
17.766666666666666;17.75
17.783333333333335;18.333333333333332
17.8;19.8
17.816666666666666;19.333333333333332
17.833333333333332;19.25
17.85;18.666666666666668
17.866666666666667;19.0
17.883333333333333;18.75
17.9;18.75
17.916666666666668;19.333333333333332
17.933333333333334;19.25
17.95;20.0
17.966666666666665;20.0
17.983333333333334;20.25
