15.5;12.75
15.516666666666667;12.5
15.533333333333333;13.5
15.55;14.0
15.566666666666666;13.0
15.583333333333334;13.0
15.6;13.25
15.616666666666667;14.75
15.633333333333333;11.5
15.65;12.5
15.666666666666666;11.75
15.683333333333334;13.75
15.7;13.25
15.716666666666667;15.0
15.733333333333333;12.75
15.75;11.75
15.766666666666667;10.0
15.783333333333333;10.75
15.8;11.0
15.816666666666666;11.333333333333334
15.833333333333334;12.666666666666666
15.85;11.333333333333334
15.866666666666667;11.333333333333334
15.883333333333333;11.666666666666666
15.9;11.666666666666666
15.916666666666666;12.333333333333334
15.933333333333334;12.666666666666666
15.966666666666667;12.666666666666666
15.983333333333333;11.666666666666666
16.0;11.666666666666666
16.016666666666666;10.666666666666666
16.033333333333335;11.333333333333334
16.05;11.666666666666666
16.066666666666666;12.333333333333334
16.083333333333332;11.333333333333334
16.1;11.666666666666666
16.116666666666667;9.0
16.133333333333333;8.666666666666666
16.15;8.333333333333334
16.166666666666668;10.5
16.183333333333334;11.5
16.2;9.5
16.216666666666665;9.0
16.233333333333334;8.5
16.25;9.25
16.266666666666666;9.0
16.283333333333335;9.5
16.3;9.25
16.316666666666666;8.75
16.333333333333332;9.0
16.35;9.0
16.366666666666667;9.75
16.383333333333333;10.25
16.4;12.0
16.416666666666668;12.6
16.433333333333334;13.5
16.45;11.6
16.466666666666665;11.8
16.483333333333334;10.8
16.5;12.4
16.516666666666666;10.666666666666666
16.533333333333335;14.25
16.55;12.4
16.566666666666666;12.8
16.583333333333332;12.25
16.6;13.2
16.616666666666667;13.0
16.633333333333333;12.0
16.65;12.6
16.666666666666668;11.8
16.683333333333334;12.8
16.7;12.4
16.716666666666665;13.0
16.733333333333334;11.4
16.75;11.8
16.766666666666666;11.4
16.783333333333335;10.6
16.8;10.8
16.816666666666666;12.6
16.833333333333332;13.0
16.85;11.6
16.866666666666667;9.6
16.883333333333333;8.2
16.9;8.6
16.916666666666668;9.4
16.933333333333334;9.8
16.95;10.5
16.966666666666665;10.0
16.983333333333334;11.142857142857142
17.0;11.4
17.016666666666666;16.047619047619047
17.033333333333335;9.6
17.05;9.6
17.066666666666666;10.0
17.083333333333332;10.6
17.1;10.2
17.116666666666667;10.2
17.133333333333333;10.2
17.15;11.2
17.166666666666668;12.0
17.183333333333334;10.2
17.2;9.8
17.216666666666665;9.4
17.233333333333334;9.2
17.25;8.2
17.266666666666666;7.166666666666667
17.283333333333335;8.5
17.3;7.4
17.316666666666666;7.75
17.333333333333332;8.5
17.35;8.75
17.366666666666667;10.333333333333334
17.383333333333333;8.2
17.4;7.75
17.416666666666668;6.75
17.433333333333334;5.8
17.45;6.4
17.466666666666665;8.666666666666666
17.483333333333334;7.666666666666667
17.5;5.75
17.516666666666666;6.0
17.533333333333335;6.5
17.55;6.25
17.566666666666666;5.6
17.583333333333332;6.5
17.6;6.0
17.616666666666667;4.666666666666667
17.633333333333333;4.0
17.65;4.5
17.666666666666668;6.75
17.683333333333334;8.25
17.7;9.75
17.716666666666665;10.75
17.733333333333334;10.5
17.75;10.5
17.766666666666666;10.25
17.783333333333335;10.666666666666666
17.8;7.8
17.816666666666666;8.333333333333334
17.833333333333332;8.0
17.85;7.333333333333333
17.866666666666667;11.5
17.883333333333333;9.25
17.9;8.0
17.916666666666668;8.333333333333334
17.933333333333334;6.75
17.95;7.0
17.966666666666665;10.8
17.983333333333334;10.75
18.0;10.25
18.016666666666666;7.6
18.033333333333335;7.4
18.05;7.8
18.066666666666666;6.0
18.083333333333332;8.0
18.1;7.75
18.116666666666667;6.315789473684211
18.133333333333333;8.75
18.15;9.0
18.166666666666668;9.5
18.183333333333334;7.75
18.2;8.0
18.216666666666665;6.5
18.233333333333334;6.5
18.25;6.5
18.266666666666666;8.75
18.283333333333335;10.0
18.3;9.25
18.316666666666666;9.75
18.333333333333332;9.25
18.35;8.25
18.366666666666667;7.5
18.383333333333333;6.75
18.4;7.25
18.416666666666668;8.75
18.433333333333334;10.666666666666666
18.45;9.333333333333334
18.466666666666665;9.666666666666666
18.483333333333334;9.0
18.5;9.666666666666666
18.516666666666666;9.333333333333334
18.533333333333335;11.333333333333334
18.55;12.0
18.566666666666666;12.0
18.583333333333332;9.666666666666666
18.6;9.333333333333334
18.616666666666667;10.0
18.633333333333333;11.333333333333334
18.65;10.5
18.666666666666668;11.333333333333334
18.683333333333334;11.666666666666666
18.7;10.666666666666666
18.716666666666665;8.0
18.733333333333334;9.666666666666666
18.75;8.666666666666666
18.766666666666666;8.333333333333334
18.783333333333335;8.666666666666666
18.8;9.0
18.816666666666666;10.333333333333334
18.833333333333332;11.0
18.85;9.666666666666666
18.866666666666667;9.0
18.883333333333333;8.666666666666666
18.9;8.666666666666666
18.916666666666668;8.333333333333334
18.933333333333334;8.666666666666666
18.95;3.0
18.966666666666665;6.75
19.0;5.0
19.016666666666666;6.0
19.033333333333335;7.0
19.05;6.0
19.066666666666666;4.0
19.083333333333332;5.0
19.1;7.5
19.116666666666667;6.0
19.133333333333333;9.0
19.15;9.5
19.166666666666668;9.0
19.183333333333334;8.0
19.2;7.0
19.216666666666665;6.5
19.233333333333334;9.0
19.25;11.5
19.266666666666666;12.0
19.283333333333335;5.0
19.3;13.333333333333334
19.316666666666666;10.0
19.333333333333332;10.0
19.35;10.0
19.366666666666667;12.0
19.383333333333333;13.5
19.4;15.0
19.416666666666668;13.0
19.433333333333334;13.0
19.45;12.0
19.466666666666665;13.5
19.483333333333334;14.0
19.5;16.5
19.516666666666666;15.0
19.533333333333335;12.0
19.55;10.5
19.566666666666666;10.0
19.583333333333332;12.5
19.6;16.5
19.616666666666667;17.0
19.633333333333333;15.5
19.65;13.0
19.666666666666668;13.5
19.683333333333334;14.0
19.7;15.5
19.716666666666665;14.5
19.733333333333334;15.5
19.75;13.5
19.766666666666666;14.5
19.783333333333335;15.0
19.8;17.5
19.816666666666666;15.5
19.833333333333332;14.5
19.85;12.5
19.866666666666667;11.5
19.883333333333333;8.0
19.9;7.5
19.916666666666668;8.0
19.933333333333334;10.5
19.95;12.0
19.966666666666665;9.666666666666666
19.983333333333334;11.5
20.0;10.5
20.016666666666666;10.0
20.033333333333335;8.5
20.05;11.0
20.066666666666666;5.5
20.083333333333332;6.0
20.1;7.0
20.116666666666667;8.5
20.133333333333333;7.5
20.15;7.0
20.166666666666668;6.5
20.183333333333334;8.5
20.2;9.0
20.216666666666665;11.5
20.233333333333334;12.0
20.25;8.0
20.266666666666666;10.0
20.283333333333335;8.0
20.3;7.5
20.316666666666666;9.5
20.333333333333332;12.5
20.35;10.666666666666666
20.366666666666667;16.0
20.383333333333333;13.0
20.4;16.0
20.416666666666668;15.0
20.433333333333334;15.5
20.45;15.0
20.466666666666665;15.0
20.483333333333334;13.5
20.5;13.0
20.516666666666666;14.0
20.533333333333335;15.0
20.55;16.0
20.566666666666666;16.0
20.583333333333332;16.5
20.6;17.5
20.616666666666667;17.333333333333332
20.633333333333333;18.0
20.65;18.0
20.666666666666668;18.5
20.683333333333334;18.0
20.7;18.0
20.716666666666665;17.0
20.733333333333334;17.0
20.75;17.5
20.766666666666666;17.0
20.783333333333335;17.0
20.8;17.0
20.816666666666666;16.5
20.833333333333332;17.333333333333332
20.85;17.0
20.866666666666667;18.0
20.883333333333333;18.0
20.9;18.333333333333332
20.916666666666668;18.333333333333332
20.933333333333334;17.0
20.95;17.0
20.966666666666665;16.5
20.983333333333334;18.5
