17.0;21.6
17.016666666666666;20.285714285714285
17.033333333333335;21.0
17.05;21.6
17.066666666666666;22.4
17.083333333333332;22.4
17.1;22.0
17.116666666666667;22.2
17.133333333333333;21.4
17.15;21.4
17.166666666666668;21.75
17.183333333333334;21.8
17.2;21.8
17.216666666666665;22.6
17.233333333333334;22.4
17.25;22.4
17.266666666666666;15.666666666666666
17.283333333333335;19.5
17.3;15.6
17.316666666666666;12.25
17.333333333333332;12.75
17.35;12.0
17.366666666666667;12.666666666666666
17.383333333333333;12.4
17.4;13.25
17.416666666666668;14.0
17.433333333333334;11.6
17.45;11.0
17.466666666666665;13.666666666666666
17.483333333333334;15.666666666666666
17.5;16.5
17.516666666666666;16.75
17.533333333333335;15.75
17.55;16.75
17.566666666666666;13.8
17.583333333333332;11.75
17.6;11.5
17.616666666666667;9.666666666666666
17.633333333333333;14.8
17.65;14.25
17.666666666666668;12.25
17.683333333333334;11.25
17.7;12.5
17.716666666666665;14.0
17.733333333333334;16.75
17.75;19.5
17.766666666666666;19.0
17.783333333333335;18.0
17.8;16.8
17.816666666666666;16.333333333333332
17.833333333333332;14.0
17.85;15.166666666666666
17.866666666666667;15.5
17.883333333333333;15.25
17.9;15.25
17.916666666666668;20.333333333333332
17.933333333333334;17.5
17.95;18.333333333333332
17.966666666666665;21.8
17.983333333333334;22.25
