17.0;15.0
17.016666666666666;15.476190476190476
17.033333333333335;13.4
17.05;14.0
17.066666666666666;15.6
17.083333333333332;16.0
17.1;16.0
17.116666666666667;14.8
17.133333333333333;15.8
17.15;14.8
17.166666666666668;15.75
17.183333333333334;16.6
17.2;17.0
17.216666666666665;16.8
17.233333333333334;16.4
17.25;17.0
17.266666666666666;17.166666666666668
17.283333333333335;17.25
17.3;16.2
17.316666666666666;15.5
17.333333333333332;16.0
17.35;16.0
17.366666666666667;15.333333333333334
17.383333333333333;13.6
17.4;13.75
17.416666666666668;14.5
17.433333333333334;14.2
17.45;15.6
17.466666666666665;17.0
17.483333333333334;17.333333333333332
17.5;17.5
17.516666666666666;17.0
17.533333333333335;15.5
17.55;15.25
17.566666666666666;16.2
17.583333333333332;17.75
17.6;17.75
17.616666666666667;17.333333333333332
17.633333333333333;18.0
17.65;17.5
17.666666666666668;17.25
17.683333333333334;16.75
17.7;16.25
17.716666666666665;16.25
17.733333333333334;16.0
17.75;14.25
17.766666666666666;14.5
17.783333333333335;15.0
17.8;18.4
17.816666666666666;17.666666666666668
17.833333333333332;16.75
17.85;15.833333333333334
17.866666666666667;17.0
17.883333333333333;15.5
17.9;16.0
17.916666666666668;14.666666666666666
17.933333333333334;14.25
17.95;12.0
17.966666666666665;15.8
17.983333333333334;16.0
