17.0;13.4
17.016666666666666;14.666666666666666
17.033333333333335;14.0
17.05;14.4
17.066666666666666;14.8
17.083333333333332;14.8
17.1;13.6
17.116666666666667;13.0
17.133333333333333;12.8
17.15;12.8
17.166666666666668;13.0
17.183333333333334;13.2
17.2;12.4
17.216666666666665;12.0
17.233333333333334;12.2
17.25;13.2
17.266666666666666;14.166666666666666
17.283333333333335;15.25
17.3;14.4
17.316666666666666;13.0
17.333333333333332;11.25
17.35;13.0
17.366666666666667;12.333333333333334
17.383333333333333;14.8
17.4;14.75
17.416666666666668;14.25
17.433333333333334;12.6
17.45;12.6
17.466666666666665;14.333333333333334
17.483333333333334;14.666666666666666
17.5;14.75
17.516666666666666;13.0
17.533333333333335;11.25
17.55;11.25
17.566666666666666;12.2
17.583333333333332;14.5
17.6;13.75
17.616666666666667;14.666666666666666
17.633333333333333;10.4
17.65;11.5
17.666666666666668;12.0
17.683333333333334;13.0
17.7;14.75
17.716666666666665;14.75
17.733333333333334;15.0
17.75;14.5
17.766666666666666;14.0
17.783333333333335;13.333333333333334
17.8;14.0
17.816666666666666;14.333333333333334
17.833333333333332;12.75
17.85;12.0
17.866666666666667;14.5
17.883333333333333;12.75
17.9;14.25
17.916666666666668;13.666666666666666
17.933333333333334;13.25
17.95;11.333333333333334
17.966666666666665;13.0
17.983333333333334;12.0
