17.0;16.0
17.016666666666666;14.428571428571429
17.033333333333335;15.8
17.05;16.2
17.066666666666666;16.6
17.083333333333332;16.0
17.1;15.6
17.116666666666667;15.0
17.133333333333333;15.2
17.15;15.0
17.166666666666668;15.5
17.183333333333334;14.8
17.2;14.6
17.216666666666665;15.0
17.233333333333334;16.2
17.25;16.6
17.266666666666666;15.333333333333334
17.283333333333335;16.0
17.3;16.0
17.316666666666666;16.25
17.333333333333332;16.75
17.35;16.75
17.366666666666667;15.666666666666666
17.383333333333333;17.0
17.4;16.0
17.416666666666668;16.0
17.433333333333334;16.0
17.45;15.4
17.466666666666665;15.0
17.483333333333334;16.0
17.5;16.25
17.516666666666666;16.5
17.533333333333335;15.5
17.55;15.5
17.566666666666666;13.4
17.583333333333332;13.75
17.6;12.75
17.616666666666667;10.333333333333334
17.633333333333333;13.6
17.65;14.0
17.666666666666668;14.5
17.683333333333334;14.5
17.7;14.75
17.716666666666665;15.0
17.733333333333334;14.75
17.75;14.25
17.766666666666666;14.5
17.783333333333335;16.0
17.8;15.6
17.816666666666666;16.333333333333332
17.833333333333332;14.5
17.85;14.666666666666666
17.866666666666667;16.0
17.883333333333333;15.25
17.9;15.5
17.916666666666668;16.333333333333332
17.933333333333334;17.5
17.95;17.333333333333332
17.966666666666665;16.8
17.983333333333334;16.25
