15.5;14.5
15.516666666666667;15.0
15.533333333333333;15.5
15.55;15.0
15.566666666666666;15.0
15.583333333333334;15.5
15.6;15.75
15.616666666666667;16.25
15.633333333333333;16.5
15.65;16.25
15.666666666666666;15.75
15.683333333333334;15.0
15.7;14.25
15.716666666666667;14.25
15.733333333333333;14.25
15.75;14.0
15.766666666666667;12.75
15.783333333333333;11.5
15.8;14.666666666666666
15.816666666666666;15.0
15.833333333333334;14.0
15.85;13.333333333333334
15.866666666666667;13.0
15.883333333333333;13.333333333333334
15.9;13.666666666666666
15.916666666666666;14.0
15.933333333333334;12.666666666666666
15.966666666666667;13.333333333333334
15.983333333333333;13.333333333333334
16.0;13.0
16.016666666666666;13.333333333333334
16.033333333333335;13.333333333333334
16.05;13.666666666666666
16.066666666666666;14.666666666666666
16.083333333333332;15.0
16.1;15.333333333333334
16.116666666666667;15.666666666666666
16.133333333333333;16.333333333333332
16.15;16.333333333333332
16.166666666666668;15.0
16.183333333333334;14.25
16.2;14.25
16.216666666666665;15.0
16.233333333333334;15.5
16.25;15.5
16.266666666666666;14.75
16.283333333333335;14.5
16.3;15.25
16.316666666666666;15.5
16.333333333333332;15.75
16.35;16.0
16.366666666666667;15.5
16.383333333333333;15.5
16.4;15.75
16.416666666666668;15.2
16.433333333333334;14.5
16.45;15.0
16.466666666666665;15.2
16.483333333333334;15.6
16.5;15.2
16.516666666666666;14.833333333333334
16.533333333333335;13.75
16.55;14.2
16.566666666666666;14.6
16.583333333333332;14.5
16.6;14.6
16.616666666666667;13.75
16.633333333333333;14.0
16.65;14.2
16.666666666666668;14.6
16.683333333333334;15.0
16.7;14.8
16.716666666666665;14.6
16.733333333333334;14.0
16.75;14.4
16.766666666666666;14.2
16.783333333333335;14.8
16.8;14.6
16.816666666666666;14.0
16.833333333333332;14.0
16.85;14.2
16.866666666666667;15.4
16.883333333333333;15.8
16.9;15.4
16.916666666666668;15.0
16.933333333333334;15.8
16.95;15.5
16.966666666666665;15.5
16.983333333333334;14.857142857142858
17.0;14.0
17.016666666666666;13.285714285714286
17.033333333333335;14.2
17.05;14.6
17.066666666666666;14.2
17.083333333333332;14.4
17.1;14.8
17.116666666666667;14.4
17.133333333333333;14.4
17.15;15.2
17.166666666666668;16.25
17.183333333333334;16.0
17.2;14.8
17.216666666666665;13.2
17.233333333333334;13.8
17.25;14.4
17.266666666666666;15.5
17.283333333333335;14.75
17.3;15.2
17.316666666666666;15.25
17.333333333333332;15.0
17.35;13.5
17.366666666666667;14.666666666666666
17.383333333333333;11.2
17.4;12.25
17.416666666666668;12.0
17.433333333333334;11.0
17.45;12.0
17.466666666666665;14.333333333333334
17.483333333333334;14.0
17.5;11.5
17.516666666666666;12.25
17.533333333333335;12.0
17.55;11.75
17.566666666666666;10.2
17.583333333333332;11.75
17.6;11.5
17.616666666666667;11.333333333333334
17.633333333333333;12.0
17.65;12.0
17.666666666666668;11.5
17.683333333333334;10.75
17.7;10.5
17.716666666666665;11.0
17.733333333333334;11.25
17.75;12.75
17.766666666666666;13.25
17.783333333333335;12.333333333333334
17.8;14.0
17.816666666666666;11.666666666666666
17.833333333333332;13.25
17.85;12.333333333333334
17.866666666666667;16.5
17.883333333333333;12.5
17.9;13.25
17.916666666666668;14.0
17.933333333333334;12.5
17.95;10.333333333333334
17.966666666666665;12.8
17.983333333333334;12.25
18.0;13.25
18.016666666666666;11.2
18.033333333333335;11.0
18.05;11.4
18.066666666666666;9.571428571428571
18.083333333333332;15.25
18.1;14.75
18.116666666666667;7.842105263157895
18.133333333333333;15.0
18.15;15.25
18.166666666666668;15.5
18.183333333333334;15.5
18.2;15.5
18.216666666666665;14.5
18.233333333333334;14.25
18.25;13.75
18.266666666666666;14.5
18.283333333333335;15.0
18.3;15.25
18.316666666666666;14.5
18.333333333333332;12.5
18.35;13.0
18.366666666666667;13.25
18.383333333333333;14.5
18.4;13.75
18.416666666666668;12.75
18.433333333333334;11.333333333333334
18.45;10.666666666666666
18.466666666666665;11.333333333333334
18.483333333333334;11.666666666666666
18.5;11.333333333333334
18.516666666666666;11.666666666666666
18.533333333333335;13.0
18.55;15.666666666666666
18.566666666666666;15.666666666666666
18.583333333333332;16.333333333333332
18.6;17.0
18.616666666666667;16.333333333333332
18.633333333333333;15.0
18.65;14.0
18.666666666666668;15.666666666666666
18.683333333333334;16.0
18.7;16.333333333333332
18.716666666666665;14.5
18.733333333333334;13.666666666666666
18.75;14.333333333333334
18.766666666666666;15.0
18.783333333333335;16.0
18.8;16.0
18.816666666666666;15.666666666666666
18.833333333333332;15.666666666666666
18.85;16.333333333333332
18.866666666666667;15.666666666666666
18.883333333333333;14.333333333333334
18.9;13.666666666666666
18.916666666666668;14.0
18.933333333333334;15.0
18.95;16.0
18.966666666666665;14.75
19.0;15.0
19.016666666666666;15.0
19.033333333333335;15.0
19.05;15.0
19.066666666666666;16.0
19.083333333333332;15.0
19.1;13.5
19.116666666666667;10.0
19.133333333333333;12.0
19.15;13.5
19.166666666666668;14.0
19.183333333333334;13.0
19.2;13.5
19.216666666666665;14.0
19.233333333333334;15.5
19.25;15.0
19.266666666666666;15.0
19.283333333333335;14.0
19.3;15.333333333333334
19.316666666666666;14.5
19.333333333333332;14.5
19.35;15.0
19.366666666666667;15.0
19.383333333333333;14.5
19.4;15.0
19.416666666666668;15.5
19.433333333333334;15.5
19.45;14.5
19.466666666666665;15.5
19.483333333333334;15.5
19.5;16.0
19.516666666666666;15.5
19.533333333333335;16.0
19.55;16.5
19.566666666666666;16.0
19.583333333333332;14.5
19.6;14.0
19.616666666666667;15.0
19.633333333333333;15.5
19.65;16.5
19.666666666666668;15.5
19.683333333333334;16.5
19.7;16.0
19.716666666666665;16.5
19.733333333333334;16.5
19.75;16.5
19.766666666666666;17.0
19.783333333333335;15.0
19.8;14.5
19.816666666666666;14.5
19.833333333333332;14.5
19.85;14.5
19.866666666666667;15.0
19.883333333333333;14.5
19.9;15.0
19.916666666666668;15.5
19.933333333333334;16.0
19.95;18.0
19.966666666666665;16.0
19.983333333333334;17.0
20.0;16.0
20.016666666666666;16.5
20.033333333333335;15.0
20.05;15.0
20.066666666666666;16.0
20.083333333333332;16.0
20.1;14.5
20.116666666666667;14.0
20.133333333333333;14.0
20.15;15.0
20.166666666666668;15.0
20.183333333333334;15.5
20.2;15.0
20.216666666666665;14.0
20.233333333333334;14.0
20.25;11.0
20.266666666666666;15.666666666666666
20.283333333333335;16.0
20.3;18.0
20.316666666666666;16.5
20.333333333333332;16.0
20.35;16.0
20.366666666666667;18.0
20.383333333333333;16.5
20.4;16.5
20.416666666666668;16.0
20.433333333333334;16.0
20.45;15.5
20.466666666666665;16.0
20.483333333333334;16.0
20.5;16.5
20.516666666666666;16.0
20.533333333333335;15.0
20.55;15.0
20.566666666666666;15.5
20.583333333333332;16.0
20.6;16.5
20.616666666666667;16.666666666666668
20.633333333333333;16.0
20.65;17.5
20.666666666666668;17.5
20.683333333333334;16.333333333333332
20.7;17.0
20.716666666666665;17.0
20.733333333333334;17.0
20.75;17.5
20.766666666666666;16.0
20.783333333333335;17.0
20.8;15.5
20.816666666666666;16.0
20.833333333333332;15.333333333333334
20.85;16.666666666666668
20.866666666666667;17.333333333333332
20.883333333333333;17.333333333333332
20.9;17.333333333333332
20.916666666666668;16.333333333333332
20.933333333333334;18.0
20.95;17.0
20.966666666666665;16.0
20.983333333333334;16.5
