13.716666666666667;540
13.733333333333333;480
13.75;540
13.766666666666667;540
13.783333333333333;540
13.8;540
13.816666666666666;660
13.833333333333334;0
13.85;600
13.866666666666667;420
13.883333333333333;480
13.9;540
13.916666666666666;600
13.933333333333334;600
13.966666666666667;420
13.983333333333333;360
14.0;240
14.016666666666667;540
14.033333333333333;600
14.05;480
14.066666666666666;660
14.083333333333334;540
14.1;600
14.116666666666667;360
14.133333333333333;600
14.15;540
14.166666666666666;540
14.183333333333334;420
14.2;420
14.216666666666667;600
14.233333333333333;420
14.25;600
14.266666666666667;540
14.283333333333333;300
14.3;420
14.316666666666666;540
14.333333333333334;480
14.35;180
14.366666666666667;540
14.383333333333333;420
14.4;360
14.416666666666666;240
14.433333333333334;300
14.45;540
14.466666666666667;180
14.483333333333333;420
14.5;300
14.516666666666667;540
14.533333333333333;480
14.55;180
14.566666666666666;600
14.583333333333334;600
14.6;600
14.616666666666667;360
14.633333333333333;540
14.65;360
14.666666666666666;480
14.683333333333334;120
14.7;420
14.716666666666667;420
14.733333333333333;480
14.75;660
14.766666666666667;600
14.783333333333333;480
14.8;480
14.816666666666666;540
14.833333333333334;180
14.85;660
14.866666666666667;180
14.883333333333333;420
14.9;600
14.916666666666666;480
14.933333333333334;300
14.95;600
14.966666666666667;540
14.983333333333333;420
15.0;0
15.016666666666667;540
15.033333333333333;300
15.066666666666666;420
15.1;300
15.133333333333333;240
15.15;540
15.166666666666666;360
15.183333333333334;540
15.2;540
15.216666666666667;600
15.233333333333333;600
15.25;600
15.266666666666667;480
15.283333333333333;420
15.3;480
15.316666666666666;480
15.333333333333334;60
15.35;660
15.366666666666667;480
15.383333333333333;720
15.4;600
15.433333333333334;600
15.45;600
15.466666666666667;540
15.483333333333333;120
15.5;420
15.516666666666667;420
15.533333333333333;0
15.55;180
15.566666666666666;300
15.583333333333334;480
15.6;120
15.616666666666667;300
15.633333333333333;240
15.65;360
15.666666666666666;240
15.683333333333334;540
15.7;600
15.716666666666667;420
15.733333333333333;420
15.75;600
15.766666666666667;540
15.783333333333333;420
15.8;540
15.816666666666666;240
15.833333333333334;540
15.85;420
15.866666666666667;60
15.883333333333333;540
15.9;480
15.916666666666666;420
15.933333333333334;300
15.966666666666667;240
15.983333333333333;360
16.0;60
16.016666666666666;540
16.033333333333335;180
16.05;600
16.066666666666666;300
16.083333333333332;420
16.1;420
16.116666666666667;60
16.133333333333333;660
16.15;180
16.166666666666668;720
16.183333333333334;360
16.2;240
16.216666666666665;720
16.233333333333334;540
16.25;240
16.266666666666666;240
16.283333333333335;540
16.3;240
16.316666666666666;480
16.333333333333332;120
16.35;600
16.366666666666667;120
16.383333333333333;540
16.4;300
16.416666666666668;60
16.45;540
16.466666666666665;360
16.483333333333334;420
16.5;180
16.516666666666666;300
16.55;240
16.566666666666666;300
16.583333333333332;480
16.6;600
16.616666666666667;480
16.633333333333333;540
16.65;360
16.666666666666668;360
16.683333333333334;360
16.7;240
16.716666666666665;780
16.733333333333334;60
16.75;300
16.766666666666666;360
16.783333333333335;360
16.8;360
16.816666666666666;540
16.833333333333332;180
16.85;540
16.866666666666667;300
16.883333333333333;480
16.9;480
16.916666666666668;480
16.933333333333334;480
16.95;420
16.966666666666665;480
16.983333333333334;540
17.0;540
17.016666666666666;300
17.033333333333335;420
17.05;540
17.066666666666666;480
17.083333333333332;540
17.1;300
17.116666666666667;480
17.133333333333333;240
17.15;180
17.166666666666668;300
17.183333333333334;240
17.2;180
17.216666666666665;540
17.233333333333334;360
17.25;240
17.266666666666666;600
17.283333333333335;420
17.3;480
17.316666666666666;480
17.333333333333332;240
17.35;240
17.366666666666667;480
17.383333333333333;60
17.4;480
17.416666666666668;240
17.433333333333334;660
17.45;480
17.466666666666665;420
17.483333333333334;480
17.5;360
17.516666666666666;660
17.533333333333335;420
17.55;420
17.566666666666666;480
17.583333333333332;600
17.6;360
17.633333333333333;540
17.65;480
17.666666666666668;360
17.683333333333334;480
17.7;360
17.716666666666665;300
17.733333333333334;480
17.75;420
17.766666666666666;540
17.8;300
17.833333333333332;120
17.85;360
17.883333333333333;600
17.9;420
17.916666666666668;360
17.933333333333334;360
17.95;120
17.966666666666665;540
17.983333333333334;480
18.0;360
18.016666666666666;540
18.033333333333335;540
18.05;300
18.066666666666666;60
18.083333333333332;600
18.1;480
18.116666666666667;540
18.133333333333333;480
18.15;360
18.166666666666668;300
18.183333333333334;180
18.2;600
18.216666666666665;180
18.233333333333334;120
18.25;240
18.266666666666666;420
18.283333333333335;420
18.3;480
18.316666666666666;660
18.333333333333332;600
18.35;540
18.366666666666667;480
18.383333333333333;360
18.4;600
18.416666666666668;540
18.433333333333334;540
18.45;120
18.466666666666665;660
18.483333333333334;180
18.5;180
18.516666666666666;300
18.533333333333335;420
18.55;180
18.566666666666666;600
18.583333333333332;300
18.6;600
18.616666666666667;360
18.633333333333333;240
18.65;300
18.666666666666668;600
18.683333333333334;420
18.7;360
18.716666666666665;420
18.733333333333334;360
18.75;660
18.766666666666666;420
18.783333333333335;180
18.8;300
18.816666666666666;600
18.833333333333332;600
18.85;540
18.866666666666667;660
18.883333333333333;540
18.9;420
18.916666666666668;780
18.933333333333334;420
18.966666666666665;540
19.0;600
19.016666666666666;480
19.033333333333335;360
19.05;600
19.066666666666666;480
19.083333333333332;720
19.1;420
19.116666666666667;480
19.133333333333333;540
19.15;360
19.166666666666668;540
19.183333333333334;540
19.2;600
19.216666666666665;120
19.233333333333334;660
19.25;720
19.266666666666666;780
19.283333333333335;360
19.3;540
19.316666666666666;360
19.333333333333332;660
19.35;240
19.366666666666667;720
19.383333333333333;300
19.4;780
19.416666666666668;600
19.433333333333334;660
19.45;480
19.466666666666665;360
19.483333333333334;420
19.5;660
19.516666666666666;480
19.533333333333335;660
19.55;60
19.566666666666666;660
19.583333333333332;600
19.6;600
19.616666666666667;720
19.633333333333333;360
19.65;480
19.666666666666668;360
19.683333333333334;420
19.7;660
19.716666666666665;360
19.733333333333334;720
19.75;660
19.766666666666666;600
19.783333333333335;300
19.8;840
19.816666666666666;780
19.833333333333332;720
19.85;420
19.866666666666667;480
19.883333333333333;300
19.9;120
19.916666666666668;720
19.933333333333334;720
19.95;780
19.966666666666665;600
19.983333333333334;420
20.0;660
20.016666666666666;720
20.033333333333335;660
20.05;540
20.066666666666666;660
20.083333333333332;480
20.1;840
20.116666666666667;480
20.133333333333333;300
20.15;480
20.166666666666668;180
20.183333333333334;600
20.2;900
20.216666666666665;720
20.233333333333334;600
20.266666666666666;600
20.3;540
20.316666666666666;420
20.333333333333332;420
20.35;480
20.383333333333333;360
20.4;720
20.416666666666668;540
20.433333333333334;780
20.45;300
20.466666666666665;480
20.483333333333334;360
20.5;660
20.516666666666666;480
20.533333333333335;540
20.55;480
20.566666666666666;720
20.583333333333332;180
20.6;420
20.616666666666667;540
20.633333333333333;240
20.65;300
20.666666666666668;300
20.683333333333334;420
20.7;180
20.716666666666665;240
20.733333333333334;300
20.75;360
20.766666666666666;480
20.783333333333335;60
20.8;540
20.816666666666666;300
20.833333333333332;540
20.85;180
20.866666666666667;480
20.883333333333333;180
20.9;300
20.916666666666668;420
20.933333333333334;600
20.95;480
20.966666666666665;300
20.983333333333334;480
21.0;540
21.016666666666666;180
21.033333333333335;600
21.05;360
21.066666666666666;300
21.083333333333332;480
21.1;360
21.116666666666667;360
21.133333333333333;600
21.15;120
21.166666666666668;600
21.183333333333334;300
21.2;240
21.216666666666665;360
21.233333333333334;360
21.25;480
21.266666666666666;600
21.283333333333335;660
21.3;540
21.316666666666666;780
21.333333333333332;480
21.35;480
21.366666666666667;420
21.383333333333333;480
21.4;180
21.416666666666668;180
21.433333333333334;240
21.45;360
21.466666666666665;540
21.483333333333334;240
21.5;360
21.516666666666666;300
21.55;480
21.566666666666666;360
21.583333333333332;300
21.6;120
21.616666666666667;240
21.633333333333333;360
21.65;240
21.666666666666668;600
21.683333333333334;420
21.7;120
21.716666666666665;360
