17.0;324.0
17.016666666666666;348.57142857142856
17.033333333333335;348.0
17.05;384.0
17.066666666666666;468.0
17.083333333333332;324.0
17.1;456.0
17.116666666666667;480.0
17.133333333333333;348.0
17.15;516.0
17.166666666666668;450.0
17.183333333333334;420.0
17.2;444.0
17.216666666666665;456.0
17.233333333333334;360.0
17.25;504.0
17.266666666666666;400.0
17.283333333333335;555.0
17.3;504.0
17.316666666666666;495.0
17.333333333333332;540.0
17.35;360.0
17.366666666666667;500.0
17.383333333333333;360.0
17.4;480.0
17.416666666666668;510.0
17.433333333333334;396.0
17.45;732.0
17.466666666666665;460.0
17.483333333333334;500.0
17.5;495.0
17.516666666666666;405.0
17.533333333333335;375.0
17.55;465.0
17.566666666666666;576.0
17.583333333333332;465.0
17.6;615.0
17.616666666666667;580.0
17.633333333333333;396.0
17.65;480.0
17.666666666666668;585.0
17.683333333333334;390.0
17.7;525.0
17.716666666666665;690.0
17.733333333333334;285.0
17.75;645.0
17.766666666666666;480.0
17.783333333333335;520.0
17.8;372.0
17.816666666666666;300.0
17.833333333333332;630.0
17.85;280.0
17.866666666666667;720.0
17.883333333333333;675.0
17.9;405.0
17.916666666666668;420.0
17.933333333333334;375.0
17.95;520.0
17.966666666666665;384.0
17.983333333333334;405.0
