17.0;540.0
17.016666666666666;597.1428571428571
17.033333333333335;372.0
17.05;468.0
17.066666666666666;396.0
17.083333333333332;456.0
17.1;348.0
17.116666666666667;420.0
17.133333333333333;276.0
17.15;432.0
17.166666666666668;405.0
17.183333333333334;420.0
17.2;384.0
17.216666666666665;384.0
17.233333333333334;600.0
17.25;516.0
17.266666666666666;510.0
17.283333333333335;630.0
17.3;648.0
17.316666666666666;555.0
17.333333333333332;510.0
17.35;585.0
17.366666666666667;420.0
17.383333333333333;612.0
17.4;660.0
17.416666666666668;540.0
17.433333333333334;636.0
17.45;624.0
17.466666666666665;400.0
17.483333333333334;540.0
17.5;435.0
17.516666666666666;390.0
17.533333333333335;510.0
17.55;465.0
17.566666666666666;360.0
17.583333333333332;540.0
17.6;585.0
17.616666666666667;540.0
17.633333333333333;420.0
17.65;495.0
17.666666666666668;375.0
17.683333333333334;480.0
17.7;330.0
17.716666666666665;600.0
17.733333333333334;555.0
17.75;405.0
17.766666666666666;480.0
17.783333333333335;420.0
17.8;420.0
17.816666666666666;520.0
17.833333333333332;300.0
17.85;580.0
17.866666666666667;540.0
17.883333333333333;510.0
17.9;495.0
17.916666666666668;300.0
17.933333333333334;345.0
17.95;380.0
17.966666666666665;528.0
17.983333333333334;495.0
