17.0;372.0
17.016666666666666;468.57142857142856
17.033333333333335;408.0
17.05;312.0
17.066666666666666;288.0
17.083333333333332;336.0
17.1;300.0
17.116666666666667;276.0
17.133333333333333;384.0
17.15;276.0
17.166666666666668;375.0
17.183333333333334;288.0
17.2;384.0
17.216666666666665;384.0
17.233333333333334;480.0
17.25;516.0
17.266666666666666;450.0
17.283333333333335;585.0
17.3;300.0
17.316666666666666;570.0
17.333333333333332;345.0
17.35;330.0
17.366666666666667;520.0
17.383333333333333;552.0
17.4;435.0
17.416666666666668;465.0
17.433333333333334;540.0
17.45;348.0
17.466666666666665;360.0
17.483333333333334;260.0
17.5;435.0
17.516666666666666;360.0
17.533333333333335;435.0
17.55;300.0
17.566666666666666;528.0
17.583333333333332;525.0
17.6;345.0
17.616666666666667;460.0
17.633333333333333;264.0
17.65;315.0
17.666666666666668;405.0
17.683333333333334;345.0
17.7;480.0
17.716666666666665;405.0
17.733333333333334;300.0
17.75;390.0
17.766666666666666;330.0
17.783333333333335;340.0
17.8;360.0
17.816666666666666;400.0
17.833333333333332;300.0
17.85;360.0
17.866666666666667;300.0
17.883333333333333;360.0
17.9;300.0
17.916666666666668;300.0
17.933333333333334;390.0
17.95;360.0
17.966666666666665;396.0
17.983333333333334;360.0
