17.0;240.0
17.016666666666666;254.28571428571428
17.033333333333335;324.0
17.05;324.0
17.066666666666666;144.0
17.083333333333332;312.0
17.1;240.0
17.116666666666667;264.0
17.133333333333333;276.0
17.15;252.0
17.166666666666668;300.0
17.183333333333334;264.0
17.2;384.0
17.216666666666665;324.0
17.233333333333334;396.0
17.25;408.0
17.266666666666666;400.0
17.283333333333335;390.0
17.3;360.0
17.316666666666666;420.0
17.333333333333332;360.0
17.35;225.0
17.366666666666667;360.0
17.383333333333333;564.0
17.4;240.0
17.416666666666668;435.0
17.433333333333334;408.0
17.45;336.0
17.466666666666665;200.0
17.483333333333334;320.0
17.5;300.0
17.516666666666666;450.0
17.533333333333335;345.0
17.55;240.0
17.566666666666666;420.0
17.583333333333332;420.0
17.6;480.0
17.616666666666667;180.0
17.633333333333333;444.0
17.65;405.0
17.666666666666668;405.0
17.683333333333334;210.0
17.7;465.0
17.716666666666665;300.0
17.733333333333334;330.0
17.75;300.0
17.766666666666666;375.0
17.783333333333335;380.0
17.8;252.0
17.816666666666666;240.0
17.833333333333332;405.0
17.85;360.0
17.866666666666667;330.0
17.883333333333333;330.0
17.9;255.0
17.916666666666668;300.0
17.933333333333334;435.0
17.95;320.0
17.966666666666665;312.0
17.983333333333334;405.0
