17.0;492.0
17.016666666666666;702.8571428571429
17.033333333333335;540.0
17.05;540.0
17.066666666666666;540.0
17.083333333333332;696.0
17.1;636.0
17.116666666666667;756.0
17.133333333333333;636.0
17.15;768.0
17.166666666666668;735.0
17.183333333333334;624.0
17.2;480.0
17.216666666666665;552.0
17.233333333333334;696.0
17.25;756.0
17.266666666666666;830.0
17.283333333333335;735.0
17.3;708.0
17.316666666666666;915.0
17.333333333333332;975.0
17.35;570.0
17.366666666666667;900.0
17.383333333333333;816.0
17.4;765.0
17.416666666666668;690.0
17.433333333333334;960.0
17.45;696.0
17.466666666666665;800.0
17.483333333333334;700.0
17.5;870.0
17.516666666666666;795.0
17.533333333333335;735.0
17.55;720.0
17.566666666666666;756.0
17.583333333333332;570.0
17.6;1020.0
17.616666666666667;700.0
17.633333333333333;780.0
17.65;570.0
17.666666666666668;900.0
17.683333333333334;870.0
17.7;660.0
17.716666666666665;855.0
17.733333333333334;750.0
17.75;975.0
17.766666666666666;630.0
17.783333333333335;980.0
17.8;648.0
17.816666666666666;900.0
17.833333333333332;960.0
17.85;790.0
17.866666666666667;900.0
17.883333333333333;510.0
17.9;915.0
17.916666666666668;840.0
17.933333333333334;885.0
17.95;780.0
17.966666666666665;648.0
17.983333333333334;660.0
