17.0;468.0
17.016666666666666;302.85714285714283
17.033333333333335;612.0
17.05;504.0
17.066666666666666;552.0
17.083333333333332;504.0
17.1;336.0
17.116666666666667;684.0
17.133333333333333;612.0
17.15;468.0
17.166666666666668;645.0
17.183333333333334;384.0
17.2;744.0
17.216666666666665;540.0
17.233333333333334;612.0
17.25;516.0
17.266666666666666;590.0
17.283333333333335;675.0
17.3;648.0
17.316666666666666;510.0
17.333333333333332;720.0
17.35;345.0
17.366666666666667;1020.0
17.383333333333333;360.0
17.4;525.0
17.416666666666668;615.0
17.433333333333334;648.0
17.45;744.0
17.466666666666665;600.0
17.483333333333334;840.0
17.5;540.0
17.516666666666666;240.0
17.533333333333335;690.0
17.55;570.0
17.566666666666666;624.0
17.583333333333332;600.0
17.6;750.0
17.616666666666667;500.0
17.633333333333333;840.0
17.65;555.0
17.666666666666668;630.0
17.683333333333334;540.0
17.7;585.0
17.716666666666665;570.0
17.733333333333334;450.0
17.75;660.0
17.766666666666666;660.0
17.783333333333335;620.0
17.8;588.0
17.816666666666666;800.0
17.833333333333332;945.0
17.85;720.0
17.866666666666667;570.0
17.883333333333333;615.0
17.9;645.0
17.916666666666668;680.0
17.933333333333334;930.0
17.95;840.0
17.966666666666665;696.0
17.983333333333334;540.0
