17.0;336.0
17.016666666666666;782.8571428571429
17.033333333333335;300.0
17.05;408.0
17.066666666666666;492.0
17.083333333333332;288.0
17.1;420.0
17.116666666666667;420.0
17.133333333333333;480.0
17.15;288.0
17.166666666666668;510.0
17.183333333333334;432.0
17.2;372.0
17.216666666666665;384.0
17.233333333333334;456.0
17.25;312.0
17.266666666666666;520.0
17.283333333333335;450.0
17.3;432.0
17.316666666666666;525.0
17.333333333333332;390.0
17.35;465.0
17.366666666666667;280.0
17.383333333333333;480.0
17.4;450.0
17.416666666666668;330.0
17.433333333333334;624.0
17.45;396.0
17.466666666666665;660.0
17.483333333333334;420.0
17.5;510.0
17.516666666666666;435.0
17.533333333333335;570.0
17.55;615.0
17.566666666666666;372.0
17.583333333333332;525.0
17.6;495.0
17.616666666666667;600.0
17.633333333333333;552.0
17.65;540.0
17.666666666666668;330.0
17.683333333333334;435.0
17.7;555.0
17.716666666666665;540.0
17.733333333333334;525.0
17.75;615.0
17.766666666666666;390.0
17.783333333333335;580.0
17.8;432.0
17.816666666666666;800.0
17.833333333333332;435.0
17.85;450.0
17.866666666666667;510.0
17.883333333333333;390.0
17.9;435.0
17.916666666666668;500.0
17.933333333333334;495.0
17.95;500.0
17.966666666666665;528.0
17.983333333333334;405.0
