17.0;396.0
17.016666666666666;71.42857142857143
17.033333333333335;408.0
17.05;456.0
17.066666666666666;408.0
17.083333333333332;336.0
17.1;240.0
17.116666666666667;432.0
17.133333333333333;348.0
17.15;456.0
17.166666666666668;300.0
17.183333333333334;408.0
17.2;516.0
17.216666666666665;420.0
17.233333333333334;324.0
17.25;420.0
17.266666666666666;430.0
17.283333333333335;420.0
17.3;348.0
17.316666666666666;555.0
17.333333333333332;405.0
17.35;360.0
17.366666666666667;460.0
17.383333333333333;480.0
17.4;420.0
17.416666666666668;435.0
17.433333333333334;444.0
17.45;312.0
17.466666666666665;440.0
17.483333333333334;360.0
17.5;195.0
17.516666666666666;315.0
17.533333333333335;525.0
17.55;405.0
17.566666666666666;504.0
17.583333333333332;480.0
17.6;510.0
17.616666666666667;600.0
17.633333333333333;612.0
17.65;390.0
17.666666666666668;270.0
17.683333333333334;390.0
17.7;450.0
17.716666666666665;435.0
17.733333333333334;480.0
17.75;510.0
17.766666666666666;480.0
17.783333333333335;640.0
17.8;696.0
17.816666666666666;560.0
17.833333333333332;555.0
17.85;480.0
17.866666666666667;570.0
17.883333333333333;435.0
17.9;540.0
17.916666666666668;580.0
17.933333333333334;720.0
17.95;540.0
17.966666666666665;720.0
17.983333333333334;720.0
