17.0;360.0
17.016666666666666;725.7142857142857
17.033333333333335;372.0
17.05;384.0
17.066666666666666;396.0
17.083333333333332;360.0
17.1;420.0
17.116666666666667;480.0
17.133333333333333;504.0
17.15;336.0
17.166666666666668;420.0
17.183333333333334;516.0
17.2;396.0
17.216666666666665;480.0
17.233333333333334;396.0
17.25;528.0
17.266666666666666;440.0
17.283333333333335;420.0
17.3;468.0
17.316666666666666;525.0
17.333333333333332;510.0
17.35;450.0
17.366666666666667;380.0
17.383333333333333;528.0
17.4;435.0
17.416666666666668;480.0
17.433333333333334;432.0
17.45;576.0
17.466666666666665;520.0
17.483333333333334;460.0
17.5;450.0
17.516666666666666;495.0
17.533333333333335;480.0
17.55;570.0
17.566666666666666;516.0
17.583333333333332;570.0
17.6;435.0
17.616666666666667;640.0
17.633333333333333;576.0
17.65;585.0
17.666666666666668;420.0
17.683333333333334;405.0
17.7;570.0
17.716666666666665;525.0
17.733333333333334;495.0
17.75;600.0
17.766666666666666;570.0
17.783333333333335;600.0
17.8;456.0
17.816666666666666;700.0
17.833333333333332;525.0
17.85;520.0
17.866666666666667;570.0
17.883333333333333;555.0
17.9;495.0
17.916666666666668;540.0
17.933333333333334;495.0
17.95;580.0
17.966666666666665;348.0
17.983333333333334;525.0
