17.0;347.6
17.016666666666666;39.142857142857146
17.033333333333335;107.6
17.05;215.6
17.066666666666666;167.6
17.083333333333332;155.6
17.1;179.6
17.116666666666667;119.6
17.133333333333333;167.6
17.15;191.6
17.166666666666668;224.75
17.183333333333334;107.6
17.2;143.6
17.216666666666665;263.6
17.233333333333334;107.6
17.25;155.6
17.266666666666666;209.33333333333334
17.283333333333335;164.5
17.3;203.4
17.316666666666666;74.5
17.333333333333332;269.5
17.35;254.5
17.366666666666667;259.6666666666667
17.383333333333333;239.4
17.4;194.5
17.416666666666668;134.5
17.433333333333334;95.4
17.45;191.4
17.466666666666665;339.6666666666667
17.483333333333334;199.66666666666666
17.5;74.5
17.516666666666666;104.5
17.533333333333335;194.5
17.55;149.5
17.566666666666666;203.4
17.583333333333332;74.5
17.6;104.5
17.616666666666667;159.66666666666666
17.633333333333333;119.4
17.65;179.5
17.666666666666668;299.5
17.683333333333334;74.5
17.7;164.5
17.716666666666665;224.5
17.733333333333334;329.5
17.75;179.5
17.766666666666666;209.5
17.783333333333335;179.66666666666666
17.8;191.4
17.816666666666666;199.66666666666666
17.833333333333332;74.5
17.85;59.333333333333336
17.866666666666667;180.0
17.883333333333333;194.5
17.9;239.5
17.916666666666668;319.6666666666667
17.933333333333334;74.5
17.95;59.333333333333336
17.966666666666665;239.6
17.983333333333334;194.5
