17.0;132.0
17.016666666666666;60.0
17.033333333333335;108.0
17.05;48.0
17.066666666666666;84.0
17.083333333333332;60.0
17.1;96.0
17.116666666666667;84.0
17.133333333333333;60.0
17.15;60.0
17.166666666666668;105.0
17.183333333333334;96.0
17.2;120.0
17.216666666666665;72.0
17.233333333333334;48.0
17.25;48.0
17.266666666666666;40.0
17.283333333333335;75.0
17.3;156.0
17.316666666666666;45.0
17.333333333333332;165.0
17.35;150.0
17.366666666666667;60.0
17.383333333333333;36.0
17.4;210.0
17.416666666666668;120.0
17.433333333333334;108.0
17.45;108.0
17.466666666666665;160.0
17.483333333333334;140.0
17.5;105.0
17.516666666666666;105.0
17.533333333333335;105.0
17.55;165.0
17.566666666666666;96.0
17.583333333333332;255.0
17.6;90.0
17.616666666666667;80.0
17.633333333333333;120.0
17.65;120.0
17.666666666666668;45.0
17.683333333333334;150.0
17.7;120.0
17.716666666666665;105.0
17.733333333333334;75.0
17.75;135.0
17.766666666666666;195.0
17.783333333333335;280.0
17.8;180.0
17.816666666666666;160.0
17.833333333333332;150.0
17.85;210.0
17.866666666666667;180.0
17.883333333333333;60.0
17.9;180.0
17.916666666666668;80.0
17.933333333333334;60.0
17.95;40.0
17.966666666666665;228.0
17.983333333333334;30.0
