17.0;444.0
17.016666666666666;605.7142857142857
17.033333333333335;480.0
17.05;480.0
17.066666666666666;564.0
17.083333333333332;372.0
17.1;480.0
17.116666666666667;648.0
17.133333333333333;708.0
17.15;624.0
17.166666666666668;555.0
17.183333333333334;600.0
17.2;480.0
17.216666666666665;576.0
17.233333333333334;564.0
17.25;504.0
17.266666666666666;540.0
17.283333333333335;495.0
17.3;396.0
17.316666666666666;540.0
17.333333333333332;690.0
17.35;510.0
17.366666666666667;400.0
17.383333333333333;600.0
17.4;435.0
17.416666666666668;465.0
17.433333333333334;480.0
17.45;408.0
17.466666666666665;400.0
17.483333333333334;340.0
17.5;420.0
17.516666666666666;555.0
17.533333333333335;315.0
17.55;495.0
17.566666666666666;504.0
17.583333333333332;570.0
17.6;525.0
17.616666666666667;360.0
17.633333333333333;300.0
17.65;570.0
17.666666666666668;615.0
17.683333333333334;480.0
17.7;450.0
17.716666666666665;375.0
17.733333333333334;360.0
17.75;210.0
17.766666666666666;435.0
17.783333333333335;480.0
17.8;492.0
17.816666666666666;440.0
17.833333333333332;510.0
17.85;420.0
17.866666666666667;450.0
17.883333333333333;585.0
17.9;495.0
17.916666666666668;560.0
17.933333333333334;465.0
17.95;320.0
17.966666666666665;420.0
17.983333333333334;360.0
