17.0;372.0
17.016666666666666;508.57142857142856
17.033333333333335;324.0
17.05;264.0
17.066666666666666;504.0
17.083333333333332;408.0
17.1;396.0
17.116666666666667;372.0
17.133333333333333;480.0
17.15;372.0
17.166666666666668;435.0
17.183333333333334;360.0
17.2;492.0
17.216666666666665;564.0
17.233333333333334;492.0
17.25;492.0
17.266666666666666;400.0
17.283333333333335;495.0
17.3;384.0
17.316666666666666;570.0
17.333333333333332;360.0
17.35;375.0
17.366666666666667;280.0
17.383333333333333;420.0
17.4;255.0
17.416666666666668;420.0
17.433333333333334;336.0
17.45;288.0
17.466666666666665;360.0
17.483333333333334;520.0
17.5;525.0
17.516666666666666;300.0
17.533333333333335;315.0
17.55;450.0
17.566666666666666;516.0
17.583333333333332;495.0
17.6;405.0
17.616666666666667;260.0
17.633333333333333;288.0
17.65;510.0
17.666666666666668;480.0
17.683333333333334;330.0
17.7;435.0
17.716666666666665;225.0
17.733333333333334;345.0
17.75;270.0
17.766666666666666;510.0
17.783333333333335;340.0
17.8;492.0
17.816666666666666;300.0
17.833333333333332;330.0
17.85;560.0
17.866666666666667;630.0
17.883333333333333;405.0
17.9;420.0
17.916666666666668;460.0
17.933333333333334;465.0
17.95;460.0
17.966666666666665;492.0
17.983333333333334;510.0
