17.0;239.8
17.016666666666666;614.2380952380952
17.033333333333335;239.8
17.05;287.8
17.066666666666666;275.8
17.083333333333332;191.8
17.1;359.8
17.116666666666667;275.8
17.133333333333333;323.8
17.15;299.8
17.166666666666668;239.75
17.183333333333334;359.8
17.2;347.8
17.216666666666665;383.8
17.233333333333334;407.8
17.25;239.8
17.266666666666666;379.8333333333333
17.283333333333335;419.75
17.3;443.8
17.316666666666666;419.75
17.333333333333332;299.75
17.35;419.75
17.366666666666667;319.6666666666667
17.383333333333333;335.8
17.4;299.75
17.416666666666668;374.75
17.433333333333334;275.8
17.45;431.8
17.466666666666665;179.66666666666666
17.483333333333334;339.6666666666667
17.5;404.75
17.516666666666666;344.75
17.533333333333335;344.75
17.55;224.75
17.566666666666666;275.8
17.583333333333332;344.75
17.6;389.75
17.616666666666667;139.66666666666666
17.633333333333333;251.8
17.65;359.75
17.666666666666668;570.0
17.683333333333334;450.0
17.7;435.0
17.716666666666665;360.0
17.733333333333334;270.0
17.75;555.0
17.766666666666666;585.0
17.783333333333335;300.0
17.8;492.0
17.816666666666666;540.0
17.833333333333332;495.0
17.85;510.0
17.866666666666667;420.0
17.883333333333333;345.0
17.9;435.0
17.916666666666668;440.0
17.933333333333334;465.0
17.95;540.0
17.966666666666665;300.0
17.983333333333334;360.0
