17.0;552.0
17.016666666666666;565.7142857142857
17.033333333333335;492.0
17.05;360.0
17.066666666666666;432.0
17.083333333333332;444.0
17.1;552.0
17.116666666666667;456.0
17.133333333333333;576.0
17.15;552.0
17.166666666666668;390.0
17.183333333333334;372.0
17.2;540.0
17.216666666666665;468.0
17.233333333333334;420.0
17.25;468.0
17.266666666666666;310.0
17.283333333333335;600.0
17.3;444.0
17.316666666666666;435.0
17.333333333333332;480.0
17.35;615.0
17.366666666666667;520.0
17.383333333333333;324.0
17.4;345.0
17.416666666666668;540.0
17.433333333333334;480.0
17.45;540.0
17.466666666666665;520.0
17.483333333333334;520.0
17.5;480.0
17.516666666666666;630.0
17.533333333333335;435.0
17.55;510.0
17.566666666666666;588.0
17.583333333333332;540.0
17.6;360.0
17.616666666666667;480.0
17.633333333333333;420.0
17.65;435.0
17.666666666666668;405.0
17.683333333333334;375.0
17.7;540.0
17.716666666666665;525.0
17.733333333333334;495.0
17.75;375.0
17.766666666666666;525.0
17.783333333333335;420.0
17.8;552.0
17.816666666666666;340.0
17.833333333333332;450.0
17.85;550.0
17.866666666666667;630.0
17.883333333333333;330.0
17.9;495.0
17.916666666666668;580.0
17.933333333333334;480.0
17.95;520.0
17.966666666666665;468.0
17.983333333333334;555.0
