17.0;588.0
17.016666666666666;482.85714285714283
17.033333333333335;420.0
17.05;504.0
17.066666666666666;516.0
17.083333333333332;468.0
17.1;492.0
17.116666666666667;552.0
17.133333333333333;396.0
17.15;456.0
17.166666666666668;315.0
17.183333333333334;456.0
17.2;408.0
17.216666666666665;480.0
17.233333333333334;552.0
17.25;396.0
17.266666666666666;640.0
17.283333333333335;450.0
17.3;516.0
17.316666666666666;375.0
17.333333333333332;360.0
17.35;480.0
17.366666666666667;520.0
17.383333333333333;348.0
17.4;375.0
17.416666666666668;330.0
17.433333333333334;336.0
17.45;528.0
17.466666666666665;480.0
17.483333333333334;420.0
17.5;330.0
17.516666666666666;525.0
17.533333333333335;405.0
17.55;405.0
17.566666666666666;324.0
17.583333333333332;480.0
17.6;450.0
17.616666666666667;520.0
17.633333333333333;432.0
17.65;345.0
17.666666666666668;330.0
17.683333333333334;360.0
17.7;375.0
17.716666666666665;285.0
17.733333333333334;420.0
17.75;450.0
17.766666666666666;495.0
17.783333333333335;520.0
17.8;156.0
17.816666666666666;300.0
17.833333333333332;375.0
17.85;340.0
17.866666666666667;390.0
17.883333333333333;525.0
17.9;450.0
17.916666666666668;400.0
17.933333333333334;390.0
17.95;300.0
17.966666666666665;420.0
17.983333333333334;390.0
