15.5;330.0
15.516666666666667;255.0
15.533333333333333;315.0
15.55;270.0
15.566666666666666;240.0
15.583333333333334;285.0
15.6;405.0
15.616666666666667;195.0
15.633333333333333;165.0
15.65;285.0
15.666666666666666;345.0
15.683333333333334;270.0
15.7;285.0
15.716666666666667;345.0
15.733333333333333;285.0
15.75;285.0
15.766666666666667;315.0
15.783333333333333;390.0
15.8;400.0
15.816666666666666;120.0
15.833333333333334;200.0
15.85;260.0
15.866666666666667;260.0
15.883333333333333;280.0
15.9;200.0
15.916666666666666;320.0
15.933333333333334;240.0
15.966666666666667;240.0
15.983333333333333;340.0
16.0;160.0
16.016666666666666;200.0
16.033333333333335;220.0
16.05;300.0
16.066666666666666;440.0
16.083333333333332;380.0
16.1;340.0
16.116666666666667;360.0
16.133333333333333;520.0
16.15;340.0
16.166666666666668;210.0
16.183333333333334;435.0
16.2;450.0
16.216666666666665;420.0
16.233333333333334;315.0
16.25;360.0
16.266666666666666;300.0
16.283333333333335;345.0
16.3;285.0
16.316666666666666;390.0
16.333333333333332;210.0
16.35;345.0
16.366666666666667;285.0
16.383333333333333;390.0
16.4;240.0
16.416666666666668;324.0
16.433333333333334;315.0
16.45;300.0
16.466666666666665;336.0
16.483333333333334;216.0
16.5;300.0
16.516666666666666;230.0
16.533333333333335;255.0
16.55;360.0
16.566666666666666;348.0
16.583333333333332;240.0
16.6;252.0
16.616666666666667;420.0
16.633333333333333;252.0
16.65;324.0
16.666666666666668;300.0
16.683333333333334;324.0
16.7;408.0
16.716666666666665;300.0
16.733333333333334;264.0
16.75;288.0
16.766666666666666;336.0
16.783333333333335;324.0
16.8;360.0
16.816666666666666;336.0
16.833333333333332;324.0
16.85;372.0
16.866666666666667;288.0
16.883333333333333;252.0
16.9;324.0
16.916666666666668;372.0
16.933333333333334;312.0
16.95;225.0
16.966666666666665;280.0
16.983333333333334;342.85714285714283
17.0;324.0
17.016666666666666;134.28571428571428
17.033333333333335;336.0
17.05;264.0
17.066666666666666;264.0
17.083333333333332;360.0
17.1;252.0
17.116666666666667;252.0
17.133333333333333;336.0
17.15;264.0
17.166666666666668;315.0
17.183333333333334;252.0
17.2;276.0
17.216666666666665;300.0
17.233333333333334;264.0
17.25;300.0
17.266666666666666;330.0
17.283333333333335;210.0
17.3;276.0
17.316666666666666;345.0
17.333333333333332;540.0
17.35;240.0
17.366666666666667;80.0
17.383333333333333;252.0
17.4;315.0
17.416666666666668;315.0
17.433333333333334;204.0
17.45;228.0
17.466666666666665;160.0
17.483333333333334;180.0
17.5;165.0
17.516666666666666;225.0
17.533333333333335;315.0
17.55;345.0
17.566666666666666;216.0
17.583333333333332;225.0
17.6;285.0
17.616666666666667;160.0
17.633333333333333;156.0
17.65;180.0
17.666666666666668;225.0
17.683333333333334;240.0
17.7;240.0
17.716666666666665;270.0
17.733333333333334;180.0
17.75;255.0
17.766666666666666;315.0
17.783333333333335;320.0
17.8;252.0
17.816666666666666;100.0
17.833333333333332;210.0
17.85;170.0
17.866666666666667;270.0
17.883333333333333;240.0
17.9;180.0
17.916666666666668;520.0
17.933333333333334;150.0
17.95;180.0
17.966666666666665;192.0
17.983333333333334;255.0
18.0;270.0
18.016666666666666;192.0
18.033333333333335;144.0
18.05;192.0
18.066666666666666;231.42857142857142
18.083333333333332;315.0
18.1;270.0
18.116666666666667;90.0
18.133333333333333;225.0
18.15;210.0
18.166666666666668;195.0
18.183333333333334;345.0
18.2;255.0
18.216666666666665;270.0
18.233333333333334;330.0
18.25;240.0
18.266666666666666;210.0
18.283333333333335;360.0
18.3;225.0
18.316666666666666;330.0
18.333333333333332;285.0
18.35;330.0
18.366666666666667;225.0
18.383333333333333;285.0
18.4;210.0
18.416666666666668;120.0
18.433333333333334;360.0
18.45;160.0
18.466666666666665;240.0
18.483333333333334;320.0
18.5;200.0
18.516666666666666;340.0
18.533333333333335;160.0
18.55;200.0
18.566666666666666;100.0
18.583333333333332;260.0
18.6;200.0
18.616666666666667;180.0
18.633333333333333;280.0
18.65;240.0
18.666666666666668;120.0
18.683333333333334;180.0
18.7;200.0
18.716666666666665;210.0
18.733333333333334;260.0
18.75;380.0
18.766666666666666;280.0
18.783333333333335;280.0
18.8;260.0
18.816666666666666;120.0
18.833333333333332;260.0
18.85;20.0
18.866666666666667;300.0
18.883333333333333;140.0
18.9;300.0
18.916666666666668;180.0
18.933333333333334;240.0
18.95;420.0
18.966666666666665;360.0
19.0;300.0
19.016666666666666;480.0
19.033333333333335;420.0
19.05;360.0
19.066666666666666;360.0
19.083333333333332;120.0
19.1;420.0
19.116666666666667;300.0
19.133333333333333;240.0
19.15;360.0
19.166666666666668;330.0
19.183333333333334;150.0
19.2;390.0
19.216666666666665;330.0
19.233333333333334;210.0
19.25;210.0
19.266666666666666;300.0
19.283333333333335;540.0
19.3;100.0
19.316666666666666;300.0
19.333333333333332;450.0
19.35;510.0
19.366666666666667;420.0
19.383333333333333;270.0
19.4;270.0
19.416666666666668;240.0
19.433333333333334;180.0
19.45;300.0
19.466666666666665;390.0
19.483333333333334;330.0
19.5;150.0
19.516666666666666;120.0
19.533333333333335;540.0
19.55;420.0
19.566666666666666;330.0
19.583333333333332;390.0
19.6;210.0
19.616666666666667;300.0
19.633333333333333;420.0
19.65;240.0
19.666666666666668;480.0
19.683333333333334;330.0
19.7;240.0
19.716666666666665;330.0
19.733333333333334;330.0
19.75;300.0
19.766666666666666;360.0
19.783333333333335;300.0
19.8;240.0
19.816666666666666;450.0
19.833333333333332;480.0
19.85;210.0
19.866666666666667;210.0
19.883333333333333;330.0
19.9;450.0
19.916666666666668;420.0
19.933333333333334;240.0
19.95;300.0
19.966666666666665;460.0
19.983333333333334;270.0
20.0;240.0
20.016666666666666;360.0
20.033333333333335;150.0
20.05;360.0
20.066666666666666;330.0
20.083333333333332;210.0
20.1;420.0
20.116666666666667;210.0
20.133333333333333;390.0
20.15;210.0
20.166666666666668;480.0
20.183333333333334;480.0
20.2;210.0
20.216666666666665;360.0
20.233333333333334;360.0
20.25;300.0
20.266666666666666;340.0
20.283333333333335;420.0
20.3;390.0
20.316666666666666;270.0
20.333333333333332;240.0
20.35;400.0
20.366666666666667;180.0
20.383333333333333;270.0
20.4;330.0
20.416666666666668;270.0
20.433333333333334;360.0
20.45;420.0
20.466666666666665;270.0
20.483333333333334;360.0
20.5;480.0
20.516666666666666;270.0
20.533333333333335;330.0
20.55;150.0
20.566666666666666;270.0
20.583333333333332;300.0
20.6;90.0
20.616666666666667;80.0
20.633333333333333;300.0
20.65;120.0
20.666666666666668;150.0
20.683333333333334;160.0
20.7;60.0
20.716666666666665;240.0
20.733333333333334;90.0
20.75;300.0
20.766666666666666;120.0
20.783333333333335;210.0
20.8;120.0
20.816666666666666;330.0
20.833333333333332;280.0
20.85;260.0
20.866666666666667;120.0
20.883333333333333;80.0
20.9;180.0
20.916666666666668;100.0
20.933333333333334;210.0
20.95;90.0
20.966666666666665;90.0
20.983333333333334;270.0
