13.716666666666667,16
13.733333333333333,16
13.75,16
13.766666666666667,16
13.783333333333333,17
13.8,16
13.816666666666666,15
13.833333333333334,13
13.85,14
13.866666666666667,13
13.883333333333333,13
13.9,12
13.916666666666666,13
13.933333333333334,13
13.966666666666667,14
13.983333333333333,14
14.0,14
14.016666666666667,14
14.033333333333333,14
14.05,15
14.066666666666666,16
14.083333333333334,13
14.1,13
14.116666666666667,13
14.133333333333333,14
14.15,14
14.166666666666666,14
14.183333333333334,14
14.2,15
14.216666666666667,15
14.233333333333333,16
14.25,16
14.266666666666667,15
14.283333333333333,15
14.3,16
14.316666666666666,14
14.333333333333334,14
14.35,14
14.366666666666667,17
14.383333333333333,16
14.4,16
14.416666666666666,16
14.433333333333334,16
14.45,14
14.466666666666667,14
14.483333333333333,15
14.5,17
14.516666666666667,17
14.533333333333333,18
14.55,18
14.566666666666666,17
14.583333333333334,17
14.6,16
14.616666666666667,15
14.633333333333333,15
14.65,16
14.666666666666666,15
14.683333333333334,14
14.7,14
14.716666666666667,14
14.733333333333333,15
14.75,15
14.766666666666667,15
14.783333333333333,14
14.8,14
14.816666666666666,14
14.833333333333334,14
14.85,15
14.866666666666667,16
14.883333333333333,17
14.9,17
14.916666666666666,17
14.933333333333334,16
14.95,15
14.966666666666667,13
14.983333333333333,13
15.0,13
15.016666666666667,13
15.033333333333333,12
15.066666666666666,15
15.1,17
15.133333333333333,17
15.15,18
15.166666666666666,17
15.183333333333334,16
15.2,15
15.216666666666667,15
15.233333333333333,15
15.25,16
15.266666666666667,17
15.283333333333333,18
15.3,16
15.316666666666666,15
15.333333333333334,13
15.35,14
15.366666666666667,15
15.383333333333333,16
15.4,15
15.433333333333334,14
15.45,13
15.466666666666667,10
15.483333333333333,9
15.5,10
15.516666666666667,13
15.533333333333333,14
15.55,13
15.566666666666666,14
15.583333333333334,16
15.6,16
15.616666666666667,17
15.633333333333333,19
15.65,18
15.666666666666666,16
15.683333333333334,14
15.7,13
15.716666666666667,13
15.733333333333333,12
15.75,12
15.766666666666667,11
15.783333333333333,9
15.8,9
15.816666666666666,8
15.833333333333334,8
15.85,7
15.866666666666667,6
15.883333333333333,7
15.9,7
15.916666666666666,9
15.933333333333334,9
15.966666666666667,11
15.983333333333333,9
16.0,8
16.016666666666666,9
16.033333333333335,12
16.05,13
16.066666666666666,15
16.083333333333332,14
16.1,15
16.116666666666667,15
16.133333333333333,16
16.15,16
16.166666666666668,16
16.183333333333334,15
16.2,15
16.216666666666665,16
16.233333333333334,17
16.25,18
16.266666666666666,16
16.283333333333335,14
16.3,14
16.316666666666666,15
16.333333333333332,16
16.35,17
16.366666666666667,16
16.383333333333333,16
16.4,16
16.416666666666668,16
16.45,17
16.466666666666665,16
16.483333333333334,16
16.5,15
16.516666666666666,16
16.55,16
16.566666666666666,16
16.583333333333332,14
16.6,14
16.616666666666667,14
16.633333333333333,14
16.65,13
16.666666666666668,14
16.683333333333334,15
16.7,14
16.716666666666665,14
16.733333333333334,13
16.75,15
16.766666666666666,15
16.783333333333335,16
16.8,16
16.816666666666666,17
16.833333333333332,17
16.85,16
16.866666666666667,16
16.883333333333333,15
16.9,14
16.916666666666668,14
16.933333333333334,15
16.95,15
16.966666666666665,14
16.983333333333334,15
17.0,14
17.016666666666666,14
17.033333333333335,13
17.05,14
17.066666666666666,14
17.083333333333332,15
17.1,14
17.116666666666667,14
17.133333333333333,13
17.15,14
17.166666666666668,15
17.183333333333334,17
17.2,17
17.216666666666665,14
17.233333333333334,14
17.25,14
17.266666666666666,17
17.283333333333335,16
17.3,15
17.316666666666666,15
17.333333333333332,16
17.35,16
17.366666666666667,16
17.383333333333333,15
17.4,14
17.416666666666668,14
17.433333333333334,15
17.45,16
17.466666666666665,16
17.483333333333334,14
17.5,14
17.516666666666666,14
17.533333333333335,15
17.55,15
17.566666666666666,14
17.583333333333332,14
17.6,13
17.633333333333333,13
17.65,13
17.666666666666668,12
17.683333333333334,12
17.7,11
17.716666666666665,12
17.733333333333334,12
17.75,13
17.766666666666666,15
17.8,17
17.833333333333332,18
17.85,16
17.883333333333333,14
17.9,15
17.916666666666668,15
17.933333333333334,15
17.95,12
17.966666666666665,14
17.983333333333334,14
18.0,15
18.016666666666666,13
18.033333333333335,12
18.05,12
18.066666666666666,12
18.083333333333332,16
18.1,15
18.116666666666667,13
18.133333333333333,12
18.15,12
18.166666666666668,16
18.183333333333334,17
18.2,17
18.216666666666665,17
18.233333333333334,16
18.25,14
18.266666666666666,14
18.283333333333335,15
18.3,15
18.316666666666666,13
18.333333333333332,12
18.35,12
18.366666666666667,14
18.383333333333333,14
18.4,15
18.416666666666668,15
18.433333333333334,15
18.45,14
18.466666666666665,15
18.483333333333334,15
18.5,14
18.516666666666666,14
18.533333333333335,16
18.55,19
18.566666666666666,17
18.583333333333332,16
18.6,16
18.616666666666667,16
18.633333333333333,15
18.65,14
18.666666666666668,16
18.683333333333334,16
18.7,15
18.716666666666665,13
18.733333333333334,12
18.75,13
18.766666666666666,15
18.783333333333335,14
18.8,15
18.816666666666666,14
18.833333333333332,15
18.85,15
18.866666666666667,14
18.883333333333333,14
18.9,14
18.916666666666668,15
18.933333333333334,14
18.966666666666665,14
19.0,15
19.016666666666666,15
19.033333333333335,15
19.05,15
19.066666666666666,16
19.083333333333332,15
19.1,12
19.116666666666667,10
19.133333333333333,10
19.15,13
19.166666666666668,14
19.183333333333334,13
19.2,13
19.216666666666665,14
19.233333333333334,16
19.25,15
19.266666666666666,15
19.283333333333335,14
19.3,14
19.316666666666666,13
19.333333333333332,13
19.35,13
19.366666666666667,13
19.383333333333333,13
19.4,14
19.416666666666668,15
19.433333333333334,16
19.45,16
19.466666666666665,17
19.483333333333334,15
19.5,14
19.516666666666666,13
19.533333333333335,14
19.55,16
19.566666666666666,16
19.583333333333332,14
19.6,14
19.616666666666667,14
19.633333333333333,15
19.65,16
19.666666666666668,15
19.683333333333334,16
19.7,16
19.716666666666665,16
19.733333333333334,17
19.75,17
19.766666666666666,18
19.783333333333335,16
19.8,15
19.816666666666666,14
19.833333333333332,15
19.85,14
19.866666666666667,16
19.883333333333333,15
19.9,16
19.916666666666668,17
19.933333333333334,17
19.95,18
19.966666666666665,16
19.983333333333334,16
20.0,15
20.016666666666666,16
20.033333333333335,15
20.05,15
20.066666666666666,16
20.083333333333332,16
20.1,16
20.116666666666667,16
20.133333333333333,15
20.15,14
20.166666666666668,15
20.183333333333334,17
20.2,17
20.216666666666665,17
20.233333333333334,17
20.266666666666666,16
20.3,18
20.316666666666666,18
20.333333333333332,17
20.35,16
20.383333333333333,15
20.4,16
20.416666666666668,16
20.433333333333334,16
20.45,15
20.466666666666665,15
20.483333333333334,16
20.5,15
20.516666666666666,16
20.533333333333335,14
20.55,14
20.566666666666666,14
20.583333333333332,15
20.6,15
20.616666666666667,16
20.633333333333333,16
20.65,17
20.666666666666668,17
20.683333333333334,17
20.7,17
20.716666666666665,18
20.733333333333334,17
20.75,18
20.766666666666666,18
20.783333333333335,18
20.8,16
20.816666666666666,16
20.833333333333332,16
20.85,17
20.866666666666667,17
20.883333333333333,16
20.9,16
20.916666666666668,15
20.933333333333334,16
20.95,16
20.966666666666665,16
20.983333333333334,17
21.0,16
21.016666666666666,16
21.033333333333335,15
21.05,15
21.066666666666666,16
21.083333333333332,19
21.1,19
21.116666666666667,17
21.133333333333333,15
21.15,14
21.166666666666668,15
21.183333333333334,15
21.2,15
21.216666666666665,16
21.233333333333334,17
21.25,17
21.266666666666666,18
21.283333333333335,18
21.3,18
21.316666666666666,17
21.333333333333332,16
21.35,16
21.366666666666667,14
21.383333333333333,15
21.4,15
21.416666666666668,20
21.433333333333334,18
21.45,17
21.466666666666665,15
21.483333333333334,15
21.5,14
21.516666666666666,16
21.55,17
21.566666666666666,18
21.583333333333332,18
21.6,21
21.616666666666667,19
21.633333333333333,20
21.65,20
21.666666666666668,18
21.683333333333334,16
21.7,15
21.716666666666665,16
