17.0;324.0
17.016666666666666;340.0
17.033333333333335;348.0
17.05;288.0
17.066666666666666;228.0
17.083333333333332;264.0
17.1;156.0
17.116666666666667;300.0
17.133333333333333;336.0
17.15;204.0
17.166666666666668;285.0
17.183333333333334;324.0
17.2;312.0
17.216666666666665;384.0
17.233333333333334;540.0
17.25;408.0
17.266666666666666;450.0
17.283333333333335;375.0
17.3;372.0
17.316666666666666;480.0
17.333333333333332;240.0
17.35;270.0
17.366666666666667;420.0
17.383333333333333;624.0
17.4;315.0
17.416666666666668;405.0
17.433333333333334;336.0
17.45;384.0
17.466666666666665;180.0
17.483333333333334;440.0
17.5;300.0
17.516666666666666;450.0
17.533333333333335;360.0
17.55;225.0
17.566666666666666;456.0
17.583333333333332;360.0
17.6;435.0
17.616666666666667;440.0
17.633333333333333;360.0
17.65;435.0
17.666666666666668;435.0
17.683333333333334;390.0
17.7;480.0
17.716666666666665;225.0
17.733333333333334;270.0
17.75;270.0
17.766666666666666;390.0
17.783333333333335;540.0
17.8;348.0
17.816666666666666;320.0
17.833333333333332;285.0
17.85;370.0
17.866666666666667;330.0
17.883333333333333;360.0
17.9;270.0
17.916666666666668;280.0
17.933333333333334;435.0
17.95;420.0
17.966666666666665;456.0
17.983333333333334;240.0
