a,v0,dureeFeu,ecarts,ecartsA,ecartsV,ecartsF,grad,diffA,diffV,diffF
1.753458202416674,8.33,25.999190605966177,3.6557055348948655,28.309885293227453,0,3.736644938277119,2465.417975833259,2465.417975833259,0,8.09394033822537
1.6457680434718867,8.33,25.997145145238235,30.995415836428247,41.76443173090699,0,31.199961909222296,1076.9015894478744,1076.9015894478744,0,20.45460727940487
1.876727781961169,8.33,25.994776550854727,65.22483188009964,42.128858031171404,0,65.46169131845056,2309.597384892824,-2309.597384892824,0,23.685943835091905
1.8310182910006825,8.33,26.101207345924713,24.452132964029868,29.023082060078515,0,13.809053457031121,1064.3079506998747,457.0949096048647,0,-1064.3079506998747
1.8709000020832183,8.33,26.098919385072406,33.16749064570773,29.17931953745414,0,33.396286730938286,398.81711082535884,-398.81711082535884,0,22.879608523055595
1.6282733801316773,8.33,26.097966089334165,4.782957377515368,29.04561957266945,0,4.878286951339611,2426.2662195154085,2426.2662195154085,0,9.532957382424279
1.8853074672428745,8.33,26.095591320283933,67.89176466230931,42.18835595118961,0,68.1292415673324,2570.3408711119705,-2570.3408711119705,0,23.74769050230867
1.6429654820859363,8.33,26.094636422832927,4.742481884691161,28.976680400384975,0,4.837971629791775,2423.419851569381,2423.419851569381,0,9.548974510061381
1.8981882761222535,8.33,26.0922967665733,67.65417010346883,42.131890699837115,0,67.88813572943187,2552.2279403631715,-2552.2279403631715,0,23.39656259630374
1.6561504746137288,8.33,26.091356483579393,4.706437126288368,28.910217277140845,0,4.800465425679057,2420.3780150852476,2420.3780150852476,0,9.40282993906889
1.7813395784564312,8.33,26.08759018867808,54.607510507474075,42.08860012320383,0,54.98413999760503,1251.8910384270241,-1251.8910384270241,0,37.662949013095215
1.691273166757771,8.33,26.08524846624868,32.791879449359236,41.798520619225265,0,33.026051692299525,900.6641169866028,900.6641169866028,0,23.417224294028927
1.7530361010009812,8.33,26.083359521082382,48.13361472683316,41.95732130251213,0,48.32250924346287,617.629342432103,-617.629342432103,0,18.889451662970913
1.664019582584109,8.33,26.081163809859206,32.86395408294446,41.76560592463168,0,33.083525205262134,890.1651841687219,890.1651841687219,0,21.95711223176744
1.7888107358201752,8.33,26.077516398743484,54.53806110884071,42.05894578523409,0,54.90280222041288,1247.911532360662,-1247.911532360662,0,36.47411115721724
1.6961703805532502,8.33,26.075156837688162,32.5512631191455,41.815298645838,0,32.78721922467782,926.4035526692495,926.4035526692495,0,23.595610553231694
1.7549152927929363,8.33,26.073256940113236,47.81332649918912,41.9388352752205,0,48.0033162566819,587.4491223968619,-587.4491223968619,0,18.998975749278202
1.6637610099369031,8.33,26.071097531999307,32.64433368720983,41.75976197281315,0,32.8602744986028,911.5428285603322,911.5428285603322,0,21.59408113929686
1.7848339906702366,8.33,26.067492190242834,54.16938786567655,42.0620897923432,0,54.52992204132395,1210.7298073333347,-1210.7298073333347,0,36.05341756474019
1.6900397729480412,8.33,26.06519078152933,32.32744197053108,41.80686374275062,0,32.55758284188148,947.9421772219538,947.9421772219538,0,23.01408713503932
1.748070911692469,8.33,26.063022480783992,47.76504730552432,41.96193343108154,0,47.98187738005832,580.3113874442779,-580.3113874442779,0,21.683007453400194
1.6551071429232815,8.33,26.060916636040155,32.476742152388155,41.77311902930691,0,32.6873266267721,929.6376876918756,929.6376876918756,0,21.058447438394268
1.9017277487080868,8.33,26.058573517119903,66.7560178419198,42.093957263439265,0,66.99032973394503,2466.2060578480537,-2466.2060578480537,0,23.43118920252323
1.6561226749871862,8.33,26.057665051716718,4.328984451279212,28.88949182336927,0,4.41983099159769,2456.0507372090055,2456.0507372090055,0,9.084654031847794
1.9002481536371292,8.33,26.055213505137644,66.50153738949533,42.088989524501045,0,66.74669204740269,2441.254786499428,-2441.254786499428,0,24.515465790736357
1.6546304199869253,8.33,26.05430448013508,4.332793327353933,28.894566692374333,0,4.423695827610341,2456.17733650204,2456.17733650204,0,9.090250025640767
1.899090820143585,8.33,26.051991571954993,66.53411451759544,42.08807450192946,0,66.7654053356043,2444.6040015665976,-2444.6040015665976,0,23.129081800885842
1.6533776130920905,8.33,26.051092152073917,4.336215827258494,28.907536532407935,0,4.426157815366216,2457.1320705149437,2457.1320705149437,0,8.994198810772236
1.8978774593761971,8.33,26.048848036279733,66.55081587288011,42.10083124446945,0,66.77522745229845,2444.998462841066,-2444.998462841066,0,22.441157941834433
1.7521632448805697,8.33,26.14884522590473,14.337650177575771,28.909071627138516,0,4.337931215076142,1457.1421449562745,1457.1421449562745,0,-999.9718962499628
1.6767571623337072,8.33,26.146468977134134,34.227926278802386,41.76853453348865,0,34.46555115586177,754.0608254686261,754.0608254686261,0,23.762487705938184
1.7535761873552973,8.33,26.144499997876704,49.69120792714606,42.00930542498706,0,49.888105852889105,768.1902502158998,-768.1902502158998,0,19.689792574304477
1.6781966376184587,8.33,26.14217111157577,34.22525021724108,41.76320519092495,0,34.45813884733436,753.7954973683867,753.7954973683867,0,23.288863009327798
1.7545571471756574,8.33,26.140199616278554,49.645174414187984,42.00912345846811,0,49.842323943909555,763.6050955719874,-763.6050955719874,0,19.714952972157107
1.6792403288034023,8.33,26.137904688044,34.23113298313277,41.76281482035826,0,34.460625806588254,753.1681837225491,753.1681837225491,0,22.94928234554874
1.7535523040071366,8.33,26.13607974392836,49.433520334573586,42.00232281420016,0,49.61601474613745,743.1197520373423,-743.1197520373423,0,18.24944115638658
1.6758563475227024,8.33,26.133762279658583,33.993857637232686,41.76345328567609,0,34.225604064210195,776.9595648443407,776.9595648443407,0,23.17464269775087
1.7510297503800534,8.33,26.13182156127287,49.531724593380886,42.0143843076458,0,49.725796431952205,751.7340285735088,-751.7340285735088,0,19.407183857131827
1.673332040841337,8.33,26.12954491391935,34.002289631255636,41.77206058512728,0,34.22995436660748,776.9770953871642,776.9770953871642,0,22.766473535184417
1.7470292783091668,8.33,26.127526484917386,49.39776552795348,42.028041781170515,0,49.59960842814995,736.9723746782967,-736.9723746782967,0,20.184290019646767
1.6670078928073915,8.33,26.125205432732063,33.77821137958858,41.78034992976611,0,34.010316598120795,800.2138550177527,800.2138550177527,0,23.210521853221167
1.7419162498095866,8.33,26.123084986849822,49.5378295581711,42.04699385795159,0,49.74987414639519,749.0835700219505,-749.0835700219505,0,21.204458822409578
1.6619405566750054,8.33,26.120826228716965,33.79025307655607,41.787822390014185,0,34.01612888984185,799.7569313458115,799.7569313458115,0,22.58758132857821
1.7377659384200599,8.33,26.118665915736305,49.654743725829775,42.072205551324316,0,49.87077502389591,758.2538174505459,-758.2538174505459,0,21.603129806613453
1.6556547029731907,8.33,26.11651926072413,33.593382849649046,41.80450639433597,0,33.80804835086659,821.112354468692,821.112354468692,0,21.46655012175458
1.787946864149796,8.33,26.112734750844886,55.322101153504974,42.09288503584446,0,55.70055214142937,1322.9216117660512,-1322.9216117660512,0,37.84509879243956
1.704540979279316,8.33,26.110386005547127,33.47649163358308,41.817080120631076,0,33.711366163358846,834.0588487047995,834.0588487047995,0,23.487452977576595
1.768961929925314,8.33,26.10845094282408,48.35245660997981,41.91036154538001,0,48.5459628822845,644.2095064599797,-644.2095064599797,0,19.35062723046883
1.6839452479636454,8.33,26.106204506129615,33.2791231878453,41.78079138401216,0,33.5037668572921,850.1668196166861,850.1668196166861,0,22.46436694467988
1.7512644426721182,8.33,26.104294442723237,48.71741176124854,41.985492290401254,0,48.908418101886184,673.1919470847288,-673.1919470847288,0,19.100634063764232
1.6666288516810521,8.33,26.102022173502206,33.31173873519316,41.775297834299764,0,33.538965657296316,846.3559099106603,846.3559099106603,0,22.722692210315643
1.7374077505077337,8.33,26.099892626117747,49.12654455794474,42.048654675276595,0,49.33949929639076,707.7889882668145,-707.7889882668145,0,21.295473844602242
1.6511447521901113,8.33,26.09785821127632,33.17697406400384,41.80327389576608,0,33.3804155481463,862.6299831762238,862.6299831762238,0,20.34414841424592
1.7744896680385849,8.33,26.094214699889214,54.437747961841296,42.10325637699394,0,54.802099100551914,1233.4491584847356,-1233.4491584847356,0,36.43511387106173
1.6870502321938048,8.33,26.09196014749177,33.03915611327825,41.78309969775627,0,33.26461135302286,874.3943584478018,874.3943584478018,0,22.54552397446048
1.751752420860012,8.33,26.090053925723268,48.43939682783265,41.96917796121194,0,48.63001900468283,647.0218866620712,-647.0218866620712,0,19.062217685017657
1.6648791681616233,8.33,26.087814589169295,33.083610227538955,41.77093549737781,0,33.30754388293614,868.7325269838858,868.7325269838858,0,22.393365539718246
1.7899408930617327,8.33,26.084135297486547,54.56169765059589,42.05552516058496,0,54.929626818870716,1250.6172490010924,-1250.6172490010924,0,36.79291682748271
1.699451502086092,8.33,26.081784500835234,32.774998245134164,41.82393734269823,0,33.01007791026555,904.8939097564066,904.8939097564066,0,23.50796651313871
1.7592821105262229,8.33,26.07987048364392,47.90878032251331,41.92571947850023,0,48.10018204164465,598.3060844013081,-598.3060844013081,0,19.140171913134196
1.6678824144018305,8.33,26.07763535306927,32.61582809413017,41.7557977065694,0,32.839341151595264,913.996961243923,913.996961243923,0,22.351305746509098
1.7905058954003825,8.33,26.074028355981675,54.304394748270205,42.042046648414996,0,54.66509445702972,1226.234809985521,-1226.234809985521,0,36.069970875951185
1.6978395334197411,8.33,26.07177255776013,32.55349186603495,41.82012806409908,0,32.779071688189454,926.6636198064127,926.6636198064127,0,22.557982215450068
1.756025979009329,8.33,26.06985192552005,47.760919739915465,41.94227518095667,0,47.95298296392334,581.8644558958795,-581.8644558958795,0,19.206322400787457
1.6625842018447483,8.33,26.067709935355374,32.426014721650326,41.77019243810841,0,32.64021373811803,934.4177716458084,934.4177716458084,0,21.419901646770256
1.7795239680491763,8.33,26.06419375321242,53.76843204805218,42.07445542760938,0,54.12005026234735,1169.3976620442804,-1169.3976620442804,0,35.16182142951649
1.6850134665311591,8.33,26.061941337066965,32.344239061592134,41.79528921339384,0,32.569480676137886,945.1050151801709,945.1050151801709,0,22.524161454575164
1.7437671174908418,8.33,26.059745998778556,47.85596027337952,41.98059517741125,0,48.07549410222056,587.536509596827,-587.536509596827,0,21.95338288410369
1.6488316607922702,8.33,26.057649926197566,32.2926484209556,41.78619409081277,0,32.50225567905458,949.3545669857169,949.3545669857169,0,20.960725809897696
1.8938278250400844,8.33,26.055362707221185,66.62256557360753,42.12294914882611,0,66.85128747124573,2449.961642478142,-2449.961642478142,0,22.872189763819506
1.7498869687180547,8.33,26.15633448546702,14.536523240792107,28.930608872995087,0,4.439345416208674,1439.408563220298,1439.408563220298,0,-1009.7177824583433
1.6768194948412452,8.33,26.153972981372505,34.463053535391516,41.76980092307247,0,34.69920394484306,730.674738768095,730.674738768095,0,23.615040945154675
1.7555825833342806,8.33,26.152130135095497,49.88685902575958,42.010550176456036,0,50.07114365346044,787.6308849303541,-787.6308849303541,0,18.428462770086185
1.6824939372878356,8.33,26.14976234224117,34.45746424618045,41.76632885082495,0,34.69424353161304,730.8864604644498,730.8864604644498,0,23.677928543258986
1.757759606593651,8.33,26.147806089390475,49.52292036475582,41.996353434174296,0,49.71854564982539,752.6566930581523,-752.6566930581523,0,19.562528506956767
1.6822885200129563,8.33,26.14544746166963,34.218714808554246,41.76582346662372,0,34.45457758063863,754.7108658069476,754.7108658069476,0,23.586277208438133
1.757605747859003,8.33,26.143502407307864,49.528158549414556,41.99643576480987,0,49.72266398559113,753.1722784604689,-753.1722784604689,0,19.4505436176577
1.6821658229162129,8.33,26.14110242350601,34.21683566234684,41.76082815662586,0,34.45683404253215,754.3992494279024,754.3992494279024,0,23.99983801853125
1.7575328907955345,8.33,26.13919920932422,49.53223073386043,41.99552394592827,0,49.72255215203916,753.6706787932161,-753.6706787932161,0,19.032141817872628
1.6797608856906827,8.33,26.136870928235204,33.984320462927414,41.7615209734126,0,34.217148571829235,777.7200510485187,777.7200510485187,0,23.28281089018205
1.753886938948246,8.33,26.134920805620826,49.41116999068224,41.99856466492591,0,49.606182252119936,741.2605325756331,-741.2605325756331,0,19.501226143769657
1.6761426705414724,8.33,26.132554361669982,33.991613010535175,41.766039851212554,0,34.228257405619686,777.4426840677378,777.4426840677378,0,23.664439508451096
1.7512020934675903,8.33,26.130613181304096,49.519657408222514,42.01371511561073,0,49.71377544481104,750.5942292611785,-750.5942292611785,0,19.411803658852733
1.6734394811585513,8.33,26.128296696725283,33.99970885888979,41.77597008979369,0,34.23135731677113,777.6261230903898,777.6261230903898,0,23.16484578813416
1.7471444187643295,8.33,26.126324343883343,49.3970795658777,42.0265858052999,0,49.59431485007163,737.0493760577801,-737.0493760577801,0,19.723528419392977
1.6671182910708466,8.33,26.124003026585253,33.776434501634796,41.779047270983085,0,34.00856623144391,800.2612769348289,800.2612769348289,0,23.213172980911168
1.742060742024736,8.33,26.121926467266018,49.53972460244513,42.04547950705619,0,49.747380534368666,749.4245095388941,-749.4245095388941,0,20.765593192353293
1.6620645745916023,8.33,26.119695309201607,33.79253553095043,41.79215227426381,0,34.01565133739166,799.9616743313381,799.9616743313381,0,22.31158064412284
1.7357639731505818,8.33,26.117617722034012,49.443866970721785,42.073927114823825,0,49.651625687481115,736.9939855897961,-736.9939855897961,0,20.775871675932933
1.653768528471325,8.33,26.11542945583834,33.60625654131214,41.80580100923781,0,33.825083160879345,819.954446792567,819.954446792567,0,21.882661956720284
1.7853266404387296,8.33,26.11167914520983,55.251147867469896,42.09533667072945,0,55.62617893032056,1315.5811196740444,-1315.5811196740444,0,37.50310628506668
1.7020533188890727,8.33,26.109328908859815,33.484643887716075,41.81197604268175,0,33.719667522717614,832.7332154965674,832.7332154965674,0,23.502363500153933
1.7651317324273843,8.33,26.107430026138957,48.2263092840529,41.91846793022174,0,48.416197556138876,630.7841353831164,-630.7841353831164,0,18.988827208597314
1.680201016523512,8.33,26.105084327185814,33.276611252772554,41.7696828431598,0,33.51118114808664,849.3071590387245,849.3071590387245,0,23.456989531408823
1.7484204139135189,8.33,26.10311303414404,48.81736165079366,41.99542191179296,0,49.01449095497102,682.1939739000698,-682.1939739000698,0,19.71293041773663
1.6638843295399965,8.33,26.100892343443384,33.318400201716784,41.772008639069014,0,33.54046927178244,845.3608437352229,845.3608437352229,0,22.206907006565757
1.7352107426280265,8.33,26.09878408109337,49.19345196664957,42.06081065784656,0,49.40427820165097,713.264130880301,-713.264130880301,0,21.082623500139874
1.6490430299208467,8.33,26.096668759294733,33.186392597126456,41.80316386784445,0,33.39792477699019,861.677127071799,861.677127071799,0,21.153217986373107
1.9033689141979775,8.33,26.224980914542705,67.55296132743143,42.12037289971836,0,54.72174580263433,2543.258842771307,-2543.258842771307,0,-1283.12155247971
1.67445820058515,8.33,26.22391072775984,5.991363841892689,28.88243520317544,0,6.098382520179042,2289.107136128275,2289.107136128275,0,10.701867828635336
1.7671724143096423,8.33,26.23959441002855,51.289921756542256,42.01850038409304,0,49.72155352967157,927.1421372449219,-927.1421372449219,0,-156.8368226870689
1.7129721859877298,8.33,26.237261288699315,36.35248182800419,41.772504660195445,0,36.58579396092766,542.0022832191257,542.0022832191257,0,23.331213292347286
1.6582644242088216,8.33,26.2348888610851,36.40753414853532,41.878310326426146,0,36.64477690995671,547.0776177890826,547.0776177890826,0,23.72427614213919
1.7569871109404804,8.33,26.233070697848568,51.95890466297966,42.086635989813786,0,52.14072098663295,987.2268673165877,-987.2268673165877,0,18.18163236532868
1.7028907821217871,8.33,26.230670597206373,36.356742468565315,41.76637535043464,0,36.59675253278465,540.9632881869328,540.9632881869328,0,24.00100642193337
1.6480009371031095,8.33,26.228383542450022,36.42940381673101,41.91838831859879,0,36.65810929236632,548.8984501867776,548.8984501867776,0,22.870547563530863
1.747871873786596,8.33,26.226561236085516,52.0997836404499,42.112689972101265,0,52.28201427690057,998.7093668348634,-998.7093668348634,0,18.223063645066873
1.6914015527210235,8.33,26.224153822080766,36.127897922694984,41.77493002925221,0,36.36863932317007,564.7032106557226,564.7032106557226,0,24.074140047508763
1.6344485135997056,8.33,26.222011045628257,36.260341613489814,41.95564552562162,0,36.47461925874072,569.5303912131806,569.5303912131806,0,21.427764525090254
1.737351689603663,8.33,26.219847361456186,52.46093631141866,42.170618711022925,0,52.67730472862568,1029.0317600395738,-1029.0317600395738,0,21.636841720701483
1.678297077064785,8.33,26.217451292958458,35.898492199826364,41.80395345371417,0,36.13809904959903,590.5461253887808,590.5461253887808,0,23.96068497726631
1.7507102886926451,8.33,26.21561630180271,49.2490969471513,42.00777578436529,0,49.432596062725935,724.1321162786007,-724.1321162786007,0,18.349911557463372
1.691822826259847,8.33,26.2132126803285,35.8826283755747,41.771374618854516,0,36.12299052299588,588.8746243279819,588.8746243279819,0,24.036214742118034
1.7607576126720346,8.33,26.339099228708815,48.84443652233317,41.950957881114405,0,36.25578168430161,1258.865483803156,-689.3478641218763,0,-1258.865483803156
1.5778256355148104,8.33,26.33735559144068,23.466173058237978,41.7593707739604,0,23.64053678505141,1829.319771572242,1829.319771572242,0,17.436372681343215
1.9002730062813937,8.33,26.334768105464054,74.63141159403627,42.38667451737793,0,74.89016019169894,3224.473707665834,-3224.473707665834,0,25.874859766267377
1.683546864589272,8.33,26.333603854240906,7.221673664834901,28.894287834047077,0,7.3380987871498995,2167.2614169212175,2167.2614169212175,0,11.642512231499857
1.6517499880676547,8.33,26.3313296427927,38.808592080574414,41.988279732736146,0,39.03601322539506,317.9687652161732,317.9687652161732,0,22.74211448206458
1.7505031238960527,8.33,26.3295859226788,51.97867181933126,42.10335823649146,0,52.15304383072119,987.5313582839801,-987.5313582839801,0,17.43720113899272
1.5661778296967468,8.33,26.327831461027078,23.33710092324148,41.76963034317206,0,23.512547088413747,1843.2529419930581,1843.2529419930581,0,17.544616517226785
1.8874539192576771,8.33,26.32518879742771,74.56585269365891,42.438243737565884,0,74.83011905359547,3212.7608956093027,-3212.7608956093027,0,26.426635993655623
1.6692947830090539,8.33,26.32402873541098,7.153109667690439,28.969023292552777,0,7.269115869363313,2181.5913624862337,2181.5913624862337,0,11.600620167287445
1.634493305314908,8.33,26.321873258774943,38.566203390541475,42.04635115995606,0,38.78175105414532,348.0147769414586,348.0147769414586,0,21.554766360384292
1.7562488240910523,8.33,26.32024734974062,54.345522255416384,42.169970377801945,0,54.50811315884893,1217.555187761444,-1217.555187761444,0,16.259090343254456
1.5717249259821904,8.33,26.31846978442263,23.31560559049905,41.76799540138525,0,23.493362122298137,1845.23898108862,1845.23898108862,0,17.7756531799087
1.889752665144043,8.33,26.315974130434828,74.21792691138253,42.41515299519727,0,74.46749231016267,3180.2773916185265,-3180.2773916185265,0,24.956539878013473
1.6705599803781002,8.33,26.31485251117755,7.028923629844044,28.948192106438327,0,7.141085555571994,2191.9268476594284,2191.9268476594284,0,11.21619257279498
1.633684193733691,8.33,26.312727537906795,38.3491744868702,42.036753151311125,0,38.56167181394549,368.7578664440927,368.7578664440927,0,21.249732707529034
1.7541748585574402,8.33,26.31113513354091,54.21770937217895,42.16864288980403,0,54.37694980876778,1204.906648237492,-1204.906648237492,0,15.924043658883136
1.56803171334054,8.33,26.309471778664367,23.151989195912755,41.76630371760278,0,23.31832468356695,1861.4314521690026,1861.4314521690026,0,16.633548765419448
1.884068008883996,8.33,26.30686449187631,74.02509927561208,42.42146972126646,0,74.2858279544175,3160.3629554345616,-3160.3629554345616,0,26.072867880542105
1.6635813034212168,8.33,26.305719383248547,6.937612815147529,28.98628336142546,0,7.052123677924031,2204.867054627793,2204.867054627793,0,11.451086277650191
1.7554280923924441,8.33,26.30398104762196,51.24606324816659,42.061384351043856,0,51.419896810825165,918.4678897122736,-918.4678897122736,0,17.38335626585723
1.5675179904346188,8.33,26.302220746349985,22.974086179760143,41.76509637554268,0,23.150116306957635,1879.101019578254,1879.101019578254,0,17.603012719749245
1.883620291163743,8.33,26.299687820202546,74.03614874606725,42.425918673154825,0,74.28944136081097,3161.0230072912427,-3161.0230072912427,0,25.32926147437138
1.661966813761274,8.33,26.298559704274464,6.825741330919526,28.991089071166428,0,6.938552923727906,2216.5347740246903,2216.5347740246903,0,11.281159280837993
1.753159935745866,8.33,26.297673196493598,51.19115413383636,42.071841935377165,0,51.27980491192285,911.9312198459198,-911.9312198459198,0,8.865077808648891
1.563588205519106,8.33,26.295946827220696,22.80713657592203,41.76430959859803,0,22.97977350321203,1895.7173022676002,1895.7173022676002,0,17.263692729000013
1.8776470381474273,8.33,26.293421389740327,73.85378038079244,42.44789711796031,0,74.10632412882943,3140.5883262832135,-3140.5883262832135,0,25.254374803698454
1.6559746874693022,8.33,26.292282491439913,6.84615113186628,29.013386199678795,0,6.9600409619075645,2216.723506781251,2216.723506781251,0,11.388983004128406
1.7482318795039533,8.33,26.291395851022422,51.31638875333659,42.09066954987148,0,51.40505279508579,922.5719203465111,-922.5719203465111,0,8.86640417491975
1.6637060328338058,8.33,26.394587030950785,33.31954650435003,41.77213117136479,0,23.00042851151379,1031.911799283624,845.2584667014761,0,-1031.911799283624
1.6437857155956608,8.33,26.392417080953134,40.070816217305946,42.06284794112044,0,40.28781121707091,199.20317238144918,199.20317238144918,0,21.699499976496384
1.7541455667853576,8.33,26.390714190702656,53.17320799134046,42.13722287237078,0,53.343497016388085,1103.5985118969684,-1103.5985118969684,0,17.0289025047623
1.5258125734508967,8.33,26.389488420939355,18.93330538508933,41.766604718535405,0,19.055882361419517,2283.3299333446075,2283.3299333446075,0,12.257697633018694
1.8669082223308644,8.33,26.38658896195229,76.74175100760803,42.632186119611255,0,77.03169690631431,3410.9564887996776,-3410.9564887996776,0,28.994589870627863
1.6550385544272064,8.33,26.38550268337772,7.875500074909015,29.062466865274814,0,7.984127932366298,2118.69667903658,2118.69667903658,0,10.86278574572832
1.6319507530989632,8.33,26.3833093455648,39.786137816407404,42.09491794923173,0,40.00547159769939,230.87801328243245,230.87801328243245,0,21.933378129198644
1.7423829274743814,8.33,26.381496277693856,53.21869354749762,42.17547610995581,0,53.40000033459209,1104.3217437541812,-1104.3217437541812,0,18.130678709447068
1.5680976878844282,8.33,26.379815585210256,24.359826840518764,41.78835079951409,0,24.527896088878688,1742.8523958995327,1742.8523958995327,0,16.806924835992376
1.902138613900425,8.33,26.37726967291739,75.82452016404439,42.42042756244469,0,76.07911139333117,3340.40926015997,-3340.40926015997,0,25.459122928678823
1.6898914426471638,8.33,26.376216351637137,7.6645668430786635,28.889283968404794,0,7.769898971103878,2122.471712532613,2122.471712532613,0,10.533212802521419
1.6675388558882231,8.33,26.37383066676008,39.728617132112646,41.963875808006705,0,39.967185619818075,223.5258675894059,223.5258675894059,0,23.856848770542882
1.6435688802774868,8.33,26.37156498244118,39.64899611394172,42.04599367501536,0,39.87556454583219,239.69975610736398,239.69975610736398,0,22.656843189047038
1.7504238281361069,8.33,26.36978204281888,52.82541801899477,42.13992323313277,0,53.003711981224704,1068.5494785861997,-1068.5494785861997,0,17.829396222993665
1.5728294647071277,8.33,26.368155934143434,24.011057051788192,41.7704933946861,0,24.1736679193328,1775.9436342897907,1775.9436342897907,0,16.261086754460763
1.9035431051166505,8.33,26.365549248949545,75.48135525365944,42.40999121270717,0,75.7420237730482,3307.1364040952276,-3307.1364040952276,0,26.066851938875857
1.690303425894476,8.33,26.364471472945038,7.556503056420721,28.880470978638158,0,7.664280656871382,2132.396792221744,2132.396792221744,0,10.77776004506612
1.6656878481001371,8.33,26.362138803302294,39.49974670847183,41.96130448790572,0,39.733013672746395,246.1557779433889,246.1557779433889,0,23.326696427456284
1.6391997699117897,8.33,26.359926369634017,39.41278249957356,42.06159031840831,0,39.63402586640138,264.8807818834747,264.8807818834747,0,22.124336682782086
1.7433215682478052,8.33,26.358167668076526,52.562083363932345,42.14990353033081,0,52.73795351968164,1041.2179833601535,-1041.2179833601535,0,17.58701557492941
1.5640607249927219,8.33,26.35653028136224,23.861242311346334,41.78732663685466,0,24.024980982775045,1792.6084325508323,1792.6084325508323,0,16.373867142871035
1.8933456179025494,8.33,26.35392367972917,75.37454058275424,42.44605129177148,0,75.6352007460612,3292.848929098275,-3292.848929098275,0,26.066016330696584
1.6787721336696373,8.33,26.35284901377791,7.478984442022675,28.936332865313894,0,7.5864510371486755,2145.734842329122,2145.734842329122,0,10.746659512600054
1.651229241907076,8.33,26.35054197079902,39.24985570296272,42.004144879218856,0,39.480560000851646,275.4289176256137,275.4289176256137,0,23.07042978889271
1.7535464952154938,8.33,26.34885293886656,52.33378855843017,42.102063227588395,0,52.50269175167624,1023.1725330841776,-1023.1725330841776,0,16.89031932460665
1.5726084432249707,8.33,26.347119914346965,23.669708443580152,41.76351364263246,0,23.84301089553966,1809.3805199052308,1809.3805199052308,0,17.330245195950766
1.898263051432543,8.33,26.344586321615445,74.97569466124634,42.41023384048911,0,75.22905393439842,3256.546082075722,-3256.546082075722,0,25.33592731520855
1.6826199742657604,8.33,26.34343604673786,7.345075733507256,28.9093834501855,0,7.460103221265634,2156.4307716678245,2156.4307716678245,0,11.502748775837812
1.6530006419207477,8.33,26.341153228141334,39.032742389984975,41.994675624486234,0,39.261024249637806,296.19332345012594,296.19332345012594,0,22.828185965283154
1.753270383782105,8.33,26.339442499836494,52.13310747844885,42.10613329231312,0,52.30418030893284,1002.6974186135732,-1002.6974186135732,0,17.107283048399324
1.5705907578621154,8.33,26.33769786184606,23.495192934140952,41.763155526139926,0,23.66965673318432,1826.7962591998973,1826.7962591998973,0,17.446379904336595
1.8939152942873982,8.33,26.335170063939092,74.74797195760192,42.41551831507364,0,75.00075174829868,3233.2453642528276,-3233.2453642528276,0,25.27797906967635
1.6770535738359005,8.33,26.334004071956187,7.2434708742394545,28.929642919389224,0,7.3600700725299495,2168.6172045149765,2168.6172045149765,0,11.659919829049503
1.6448935905247855,8.33,26.331770520613322,38.79754781014472,42.013546141256214,0,39.02090294443107,321.5998331111493,321.5998331111493,0,22.335513428635068
1.7446448872173557,8.33,26.330045757991872,52.10733426815948,42.13220459890245,0,52.2798105303046,997.5129669257029,-997.5129669257029,0,17.24762621451248
1.562167011570236,8.33,26.328438422318975,23.531820865662556,41.77960843037452,0,23.692554432952434,1824.7787564711966,1824.7787564711966,0,16.073356728987775
1.8839912454421786,8.33,26.325790472299925,74.63361556069145,42.45119217349718,0,74.89841056259635,3218.2423387194267,-3218.2423387194267,0,26.479500190490057
1.665768151008537,8.33,26.324629414931938,7.164799023995338,28.9871084673595,0,7.280904760794146,2182.230944336416,2182.230944336416,0,11.610573679880876
1.7606503996283622,8.33,26.452470506916352,51.5487110437261,42.06048618174357,0,38.764601845284474,1278.4109198441627,-948.822486198253,0,-1278.4109198441627
1.4339239301381719,8.33,26.451296906300477,9.08764569628286,41.76029264530189,0,9.205005757870213,3267.2646949019027,3267.2646949019027,0,11.736006158735357
1.7878954581636954,8.33,26.4491076938579,78.4457455068553,43.04859270430295,0,78.66466675111315,3539.7152802552355,-3539.7152802552355,0,21.892124425784232
1.4581686491845134,8.33,26.447946813221233,8.844750826677977,41.81743172459617,0,8.960838890344649,3297.2680897918194,3297.2680897918194,0,11.608806366667146
1.8094648175040295,8.33,26.445394508176463,78.14468545774122,43.01506862578961,0,78.39991596221833,3512.9616831951607,-3512.9616831951607,0,25.52305044771117
1.4779607376679158,8.33,26.444252718639422,8.753533585668889,41.903941569280256,0,8.867712539372878,3315.0407983611367,3315.0407983611367,0,11.417895370398945
1.8304938079962676,8.33,26.44147223590521,78.17726044841274,42.92395341557756,0,78.45530872183413,3525.3307032835182,-3525.3307032835182,0,27.80482734213905
1.6253652038943003,8.33,26.440352363233327,8.670848019039736,29.183708429236468,0,8.782835286227897,2051.286041019673,2051.286041019673,0,11.198726718816054
1.747363907215871,8.33,26.438552184929605,54.408860535624314,42.20899020346722,0,54.58887836599632,1219.987033215709,-1219.987033215709,0,18.00178303720088
1.5248968124228628,8.33,26.437321037582343,19.53308446337446,41.77979394267528,0,19.656199198100808,2224.670947930082,2224.670947930082,0,12.31147347263466
1.8794140435577495,8.33,26.434754116683443,78.08796761493247,42.636244501443805,0,78.34465970482259,3545.172311348866,-3545.172311348866,0,25.669208989012304
1.6730954896618118,8.33,26.43366035484761,8.38038417870255,29.01223956829633,0,8.48976036228582,2063.185538959378,2063.185538959378,0,10.937618358326873
1.6255898394071695,8.33,26.432094022957813,37.279858292864276,42.0304233183285,0,37.43649148184416,475.0565025464226,475.0565025464226,0,15.663318897988177
1.745731960743933,8.33,26.430321588077785,54.2230506683765,42.208838534700156,0,54.40029415637916,1201.4212133676344,-1201.4212133676344,0,17.724348800265943
1.5235464723718912,8.33,26.429068993798722,19.557553868133557,41.776102705337735,0,19.68281329603966,2221.8548837204175,2221.8548837204175,0,12.5259427906105
1.8757156692492094,8.33,26.426597937528047,77.85930094769037,42.64238125995855,0,78.10640657475787,3521.6919687731825,-3521.6919687731825,0,24.710562706749784
1.6682397080472342,8.33,26.42548663531377,8.279802626605205,29.027398746802717,0,8.39093284803295,2074.7596120197513,2074.7596120197513,0,11.113022142774476
1.6555829320522744,8.33,26.458989330881252,40.773872269511315,42.0395498690073,0,37.42360271276331,335.0269556748003,126.56775994959872,0,-335.0269556748003
1.6482327635700742,8.33,26.490070328729555,41.35887324378088,42.0938900920009,0,38.25077345895075,310.80997848301234,73.50168482200203,0,-310.80997848301234
1.6164741284496706,8.33,26.488497608747977,38.93680303145944,42.1126665434998,0,39.09407502961729,317.5863512040358,317.5863512040358,0,15.727199815784587
1.7469600886935412,8.33,26.486664037332304,55.283942715471724,42.23534669108467,0,55.46729985703901,1304.8596024387052,-1304.8596024387052,0,18.3357141567285
1.424225918835986,8.33,26.485459688302193,9.507716582139388,41.7811335678949,0,9.628151485150623,3227.341698575551,3227.341698575551,0,12.043490301123505
1.7833329700391325,8.33,26.48367562579322,78.9605273565287,43.04982223621406,0,79.13893360742578,3591.0705120314637,-3591.0705120314637,0,17.84062508970834
1.4585946143052162,8.33,26.48248430030342,9.333611476798328,41.807447050189964,0,9.452744025778575,3247.383557339164,3247.383557339164,0,11.913254898024661
1.8201540984533553,8.33,26.479857194267574,79.17367460443958,43.01772618962568,0,79.4363852080241,3615.5948414813906,-3615.5948414813906,0,26.271060358452303
1.618699605586307,8.33,26.47869187754649,9.054253645880134,29.199702932584955,0,9.170785317988807,2014.544928670482,2014.544928670482,0,11.653167210867288
1.7471079907114755,8.33,26.476950834617625,55.07225993514794,42.23142142263109,0,55.24636422803411,1284.0838512516852,-1284.0838512516852,0,17.410429288617024
1.4231777920713014,8.33,26.475751752358864,9.386439400783098,41.77945926480052,0,9.506347626659228,3239.3019864017424,3239.3019864017424,0,11.990822587612904
1.7803323435866023,8.33,26.47393185934121,78.76025115039923,43.04479599886913,0,78.94224045216447,3571.54551515301,-3571.54551515301,0,18.198930176524186
1.4546277457987693,8.33,26.472745231723383,9.225236515613183,41.79569629439649,0,9.34389927739596,3257.045977878331,3257.045977878331,0,11.86627617827778
1.8134922254342283,8.33,26.470213454125407,78.9103991757787,43.0239512122328,0,79.16357693557646,3588.64479635459,-3588.64479635459,0,25.317775979775092
1.485035937598603,8.33,26.469045861568226,9.081948541022069,41.92757732458459,0,9.198707796740262,3284.5628783562515,3284.5628783562515,0,11.675925571819334
1.8443655476294634,8.33,26.466147068596975,78.81662374743144,42.8836627443454,0,79.10650304455646,3593.2961003086034,-3593.2961003086034,0,28.98792971250259
1.6413911815608087,8.33,26.46499721664488,8.84428162683156,29.14171823369704,0,8.959266822041156,2029.743660686548,2029.743660686548,0,11.498519520959682
1.6347107749248058,8.33,26.46273316599058,41.473556975451004,42.14159763905129,0,41.69996204088069,66.80406636002871,66.80406636002871,0,22.640506542968808
1.7588132930639766,8.33,26.461015135134932,54.58038557164505,42.17013375772797,0,54.75218865720994,1241.0251813917084,-1241.0251813917084,0,17.18030855648891
1.43333206116967,8.33,26.459825330369767,9.211945630547874,41.76006881997852,0,9.330926107064462,3254.812318943065,3254.812318943065,0,11.89804765165885
1.7871604506113916,8.33,26.457561462780287,78.43470586996705,43.0518669257949,0,78.6610926289151,3538.283894417215,-3538.283894417215,0,22.63867589480526
1.4586965796750824,8.33,26.456393716305488,8.964452489458624,41.81083958308953,0,9.081227136938454,3284.638709363091,3284.638709363091,0,11.677464747982924
1.81250462612814,8.33,26.453879910887565,78.39945801759498,43.01865337228922,0,78.65083855938738,3538.0804645305757,-3538.0804645305757,0,25.138054179240044
1.4818489683574465,8.33,26.45273799228388,8.857721350445612,41.92328712751497,0,8.971913210814211,3306.556577706935,3306.556577706935,0,11.41918603685994
1.8377955666238708,8.33,26.449835968017705,78.49424123649571,42.899581409853276,0,78.78444366311311,3559.4659826642433,-3559.4659826642433,0,29.020242661739815
1.6325602511848296,8.33,26.44869567877414,8.639700125511121,29.163231669415246,0,8.753729049867582,2052.353154390413,2052.353154390413,0,11.402892435646095
1.75348094999575,8.33,26.44689076919223,54.26461331937912,42.17254343828708,0,54.44510427757012,1209.2069881092043,-1209.2069881092043,0,18.049095819099392
1.531429646537229,8.33,26.55125740180092,19.559064718908875,41.764195064760976,0,9.122401458039906,2220.51303458521,2220.51303458521,0,-1043.6663260868968
1.914700829531215,8.33,26.54887712914236,80.92201360678224,42.59489530738365,0,81.16004087263826,3832.711829939859,-3832.711829939859,0,23.802726585601874
1.7217063032649706,8.33,26.547705393793276,9.51828191089784,28.817734537522263,0,9.635455445806398,1929.9452626624422,1929.9452626624422,0,11.717353490855764
1.5167276139235752,8.33,26.54642664459129,21.348368100488578,41.84623703462811,0,21.476243020687395,2049.7868934139533,2049.7868934139533,0,12.787492019881697
1.899473475104796,8.33,26.544105897026125,80.95441949390018,42.67983337577812,0,81.18649425041669,3827.4586118122056,-3827.4586118122056,0,23.207475651651066
1.7061311793794396,8.33,26.542941027967686,9.569025571481227,28.90325514401686,0,9.685512477325107,1933.4229572535633,1933.4229572535633,0,11.648690584388
1.5586224373199646,8.33,26.541245675357754,27.152736886375195,41.903611092322684,0,27.322272147368352,1475.087420594749,1475.087420594749,0,16.953526099315752
1.7421872484741954,8.33,26.53984649936919,60.826214461688345,42.46973334626527,0,60.966132060544865,1835.648111542307,-1835.648111542307,0,13.991759885652044
1.4256466410521056,8.33,26.538633977298968,10.136600967054415,41.790661709263404,0,10.257853174076535,3165.406074220899,3165.406074220899,0,12.125220702212047
1.7940218154269527,8.33,26.53684780228622,79.88491877689964,43.04740133941493,0,80.06353627817431,3683.7517437484707,-3683.7517437484707,0,17.861750127467246
1.4744933225187546,8.33,26.53564714595426,9.876646480154468,41.82949577097429,0,9.996712113350423,3195.2849290819818,3195.2849290819818,0,12.006563319595465
1.8523558589637639,8.33,26.532602353675028,80.7250107969067,42.93875715240579,0,81.02949002483008,3778.6253644500907,-3778.6253644500907,0,30.447922792338034
1.6574305023881535,8.33,26.53141733739017,9.622486599372031,29.11502225693307,0,9.740988227857951,1949.2535657561039,1949.2535657561039,0,11.85016284859195
1.6293364559498151,8.33,26.529938126369544,39.270622662215686,42.080027306049516,0,39.41854376427851,280.94046438338296,280.94046438338296,0,14.792110206282416
1.6057450700509392,8.33,26.528443686873384,39.828537221470775,42.18767581135836,0,39.977981171086654,235.91385898875856,235.91385898875856,0,14.944394961587903
1.7449446713334635,8.33,26.526648490943582,56.194798860696736,42.27483873244431,0,56.374318453677006,1391.9960128252426,-1391.9960128252426,0,17.95195929802702
1.4271496520303444,8.33,26.525436737338573,10.00179634697197,41.781298277283895,0,10.122971707472935,3177.950193031192,3177.950193031192,0,12.117536050096511
1.7940717180104548,8.33,26.52361381683822,79.74393504213538,43.051728444124336,0,79.92622709217072,3669.220659801104,-3669.220659801104,0,18.229205003534332
1.473311371579042,8.33,26.52240630109981,9.755456656744052,41.83149129988533,0,9.876208230585064,3207.6034643141275,3207.6034643141275,0,12.075157384101232
1.847859504157483,8.33,26.519407294300354,80.39978163596315,42.94496837811904,0,80.6996823159087,3745.4813257844107,-3745.4813257844107,0,29.990067994555147
1.650604516005811,8.33,26.518254970052187,9.406684586780628,29.13218340194783,0,9.521917011597477,1972.5498815167202,1972.5498815167202,0,11.523242481684903
1.6212575342714177,8.33,26.5167577342506,39.17057282807447,42.1052710015138,0,39.32029640823303,293.46981734393296,293.46981734393296,0,14.972358015855747
1.7563829714452155,8.33,26.673793852239243,55.73129487002612,42.218751152646334,0,40.02768307116186,1570.3611798864258,-1351.2543717379785,0,-1570.3611798864258
1.4567924290377143,8.33,26.67254824240953,11.809964456874248,41.769018697624354,0,11.934525439845505,2995.9054240750106,2995.9054240750106,0,12.456098297125706
1.8661711108413366,8.33,26.67079977016657,83.96204678257163,43.0241786022094,0,84.13689400686734,4093.786818036223,-4093.786818036223,0,17.484722429570354
1.6881479437042675,8.33,26.66956205614605,11.25664484091847,29.05896155462539,0,11.38041624297075,1780.231671370692,1780.231671370692,0,12.37714020522791
1.5035489277829612,8.33,26.66826340192051,23.506243630003066,41.9661452221337,0,23.636109052557007,1845.9901592130632,1845.9901592130632,0,12.986542255394085
1.9112160086218324,8.33,26.667377223453226,83.53580677898735,42.76909869510024,0,83.6244246257157,4076.670808388711,-4076.670808388711,0,8.861784672835427
1.7324242314468667,8.33,26.666147292254372,10.962207432787732,28.841385150284303,0,11.085200552673001,1787.917771749657,1787.917771749657,0,12.299311988526895
1.4324487799155294,8.33,26.664873657884993,11.816668011960017,41.814213165093754,0,11.944031448897928,2999.7545153133733,2999.7545153133733,0,12.736343693791063
1.8301200391743058,8.33,26.66216037682298,82.82422013923053,43.0570942133529,0,83.09554824543186,3976.7125925877635,-3976.7125925877635,0,27.132810620132375
1.6512635711371706,8.33,26.6609139247373,11.301641356111965,29.187288159825478,0,11.426286564679549,1788.5646803713512,1788.5646803713512,0,12.464520856758377
1.6428317916143143,8.33,26.659717988417928,41.25840048332591,42.101578435611536,0,41.37799411526336,84.31779522856289,84.31779522856289,0,11.959363193745531
1.6351443957938392,8.33,26.658454351898552,41.36471451189564,42.13345409394314,0,41.49107816383306,76.87395820475018,76.87395820475018,0,12.636365193741739
1.6292217233548307,8.33,26.657170167996934,41.572339342762874,42.16460658666373,0,41.70075773292466,59.22672439008565,59.22672439008565,0,12.841839016178369
1.6247112761499911,8.33,26.65593231572242,41.73830338701646,42.189348107500415,0,41.86208861446788,45.10447204839565,45.10447204839565,0,12.378522745142106
1.6214259541743166,8.33,26.654801133961207,41.87624842315181,42.20478062071926,0,41.98936659927298,32.85321975674549,32.85321975674549,0,11.311817612116926
1.6189057431097273,8.33,26.653489671970807,41.96779477510424,42.21981588156316,0,42.09894097414433,25.202110645891906,25.202110645891906,0,13.114619904008862
1.6170485020730663,8.33,26.652212385613375,42.04265839693264,42.22838250059874,0,42.17038703267567,18.57241036661037,18.57241036661037,0,12.772863574303273
1.6156672310655518,8.33,26.651017292042923,42.09494750992945,42.233074610680895,0,42.21445686697472,13.812710075144707,13.812710075144707,0,11.95093570452741
1.6146617427824759,8.33,26.649690928450806,42.137910946413555,42.238459774721136,0,42.270547305625236,13.26363592116806,10.05488283075806,0,13.26363592116806
1.6125578686730473,8.33,26.64834845137853,42.033662056280065,42.244049467222915,0,42.16790976350746,21.03874109428503,21.03874109428503,0,13.42477072273951
1.610973657510296,8.33,26.64699942248358,42.09405361606906,42.2524747323442,0,42.22895650556407,15.842111627513589,15.842111627513589,0,13.49028894950095
1.6096039102928805,8.33,26.645465359592308,42.12703944481291,42.26401416655446,0,42.28044573394037,15.340628912746013,13.697472174155223,0,15.340628912746013
1.6086283658897789,8.33,26.643875979574545,42.16148775156458,42.25904219187474,0,42.320425753340935,15.893800177635597,9.755444031016225,0,15.893800177635597
1.6080178301462917,8.33,26.64237143253644,42.20284318146752,42.26389675581623,0,42.353297885278266,15.045470381074466,6.105357434871195,0,15.045470381074466
1.607443680440986,8.33,26.640844635976812,42.21487535201638,42.272290322546965,0,42.36755500797921,15.267965596283517,5.741497053058708,0,15.267965596283517
1.6069104133857797,8.33,26.63934130750893,42.227110320829546,42.28043702635018,0,42.37744316761801,15.03328467884657,5.3326705520632345,0,15.03328467884657
1.6049816988471357,8.33,26.637792851066962,42.08648615019828,42.27935760406268,0,42.2413317943949,19.287145386439875,19.287145386439875,0,15.48456441966195
1.6035202034175544,8.33,26.636288716188677,42.134522270613836,42.28067181357197,0,42.28493575844246,15.04134878286223,14.614954295813476,0,15.04134878286223
1.6023119759465607,8.33,26.634684115149764,42.16023535549034,42.28105810258971,0,42.32069545938177,16.046010389142396,12.082274709936769,0,16.046010389142396
1.6014686800647413,8.33,26.633136104057918,42.21124921507353,42.295578803255474,0,42.36605032425817,15.480110918463907,8.432958818194436,0,15.480110918463907
1.6008213596881855,8.33,26.631631674970926,42.22994639725502,42.29467843491061,0,42.380389305954374,15.044290869935395,6.4732037655588215,0,15.044290869935395
1.600244233926955,8.33,26.630111017281298,42.24628479985305,42.30399737597611,0,42.39835056881573,15.206576896267876,5.771257612305902,0,15.206576896267876
1.5998598487682507,8.33,26.62860163082734,42.25982056183128,42.2982590777017,0,42.41075920722715,15.093864539586832,3.843851587041769,0,15.093864539586832
1.5979869464546195,8.33,26.62706564318061,42.11087898832629,42.29816921968941,0,42.26447775299929,18.72902313631215,18.72902313631215,0,15.359876467299927
1.5964632512650379,8.33,26.625495946267552,42.15867050856474,42.31104002752291,0,42.315640199870565,15.696969130582517,15.23695189581673,0,15.696969130582517
1.5955146781064917,8.33,26.623974829417946,42.21413722372627,42.30899453958088,0,42.366248908686956,15.211168496068694,9.48573158546111,0,15.211168496068694
1.5946992958597948,8.33,26.622454923863405,42.237480298644726,42.31901852331443,0,42.38947085409873,15.199055545400597,8.153822466970695,0,15.199055545400597
1.5940610344187658,8.33,26.620977433594923,42.26181100149465,42.32563714559754,0,42.40956002834261,14.774902684796132,6.3826144102890225,0,14.774902684796132
1.593465805980165,8.33,26.619453947464887,42.26704651487503,42.3265693587351,0,42.4193951278786,15.234861300357494,5.952284386007278,0,15.234861300357494
1.5914153594815303,8.33,26.617910900679252,42.12495677484669,42.33000142471015,0,42.27926145341011,20.504464986345994,20.504464986345994,0,15.430467856342034
1.5898166072326039,8.33,26.61622548097878,42.17654175248036,42.336416977373005,0,42.34508372252755,16.854197004718685,15.98752248926445,0,16.854197004718685
1.5887697204007452,8.33,26.61473605432926,42.236734969845024,42.3414236530309,0,42.385677634797176,14.894266495215192,10.46886831858771,0,14.894266495215192
1.5878932459003772,8.33,26.61320397507995,42.26226510614171,42.34991255617851,0,42.4154730310726,15.32079249308893,8.764745003679764,0,15.32079249308893
1.5871861101394056,8.33,26.61160131656234,42.27893912101695,42.34965269711412,0,42.43920497277813,16.026585176118147,7.071357609716955,0,16.026585176118147
1.5867201816704737,8.33,26.610030206234047,42.29752989898856,42.34412274588175,0,42.45464093181771,15.711103282914962,4.659284689319065,0,15.711103282914962
1.586359685508318,8.33,26.60848211946984,42.314746009890214,42.35079562610578,0,42.46955468631096,15.480867642074259,3.604961621556413,0,15.480867642074259
1.584476302528585,8.33,26.60693659994831,42.16756452016317,42.35590281813646,0,42.32211647231651,18.83382979732886,18.83382979732886,0,15.455195215334072
1.583101016403,8.33,26.605386821843034,42.228296687898066,42.36582530045658,0,42.38327449842575,15.497781052768289,13.752861255851201,0,15.497781052768289
1.5820969773325348,8.33,26.603861436610405,42.266809022671545,42.367212929718065,0,42.419347545934365,15.253852326281958,10.04039070465197,0,15.253852326281958
1.5812238970185006,8.33,26.602279396720807,42.28648813513707,42.37379616654049,0,42.444692124096896,15.820398895982635,8.730803140341692,0,15.820398895982635
1.7390665767228828,8.33,26.759214695221228,58.16170618300862,42.37743821257041,0,42.468176332966465,1578.4267970438207,-1578.4267970438207,0,-1569.3529850042153
1.4505309552942665,8.33,26.757973922562986,12.943711670735826,41.79727381359747,0,13.067788936560152,2885.3562142861642,2885.3562142861642,0,12.407726582432588
1.8773839591362502,8.33,26.75591749545175,85.72473980379378,43.03943941959541,0,85.93038251491721,4268.530038419837,-4268.530038419837,0,20.564271112343135
1.7093567871620121,8.33,26.75468046432439,12.213425560394029,29.016142757817846,0,12.33712867313016,1680.2717197423817,1680.2717197423817,0,12.370311273613055
1.4213597189342664,8.33,26.753473523332918,13.093320159155184,41.893026981929765,0,13.214014258302512,2879.970682277458,2879.970682277458,0,12.069409914732887
1.841725217339357,8.33,26.750500521970174,85.08776205299512,43.05121221248605,0,85.38506218926943,4203.654984050907,-4203.654984050907,0,29.730013627431617
1.6739854354196575,8.33,26.749224121310583,12.382849785420277,29.156827977390225,0,12.5104898513795,1677.3978191969948,1677.3978191969948,0,12.76400659592234
1.5009885505730107,8.33,26.748105764301993,24.722710330443995,42.02239881510867,0,24.834546031303063,1729.9688484664678,1729.9688484664678,0,11.18357008590678
1.7284965082144703,8.33,26.746534389231762,65.53553962012508,42.78474385597913,0,65.69267712714813,2275.0795764145946,-2275.0795764145946,0,15.713750702305163
1.439033740687672,8.33,26.74530170322294,12.878023501120694,41.824300253800516,0,13.001292102002843,2894.627675267982,2894.627675267982,0,12.326860088214886
1.862495290072406,8.33,26.742217344408928,85.39923111676886,43.053076178295456,0,85.70766699817001,4234.61549384734,-4234.61549384734,0,30.84358814011523
1.693211689936324,8.33,26.74094913730617,12.158806776537604,29.0871667901458,0,12.285627486813318,1692.8360013608199,1692.8360013608199,0,12.682071027571418
1.4042737089281783,8.33,26.73973690141361,13.0566429539479,41.950441054762486,0,13.177866543204011,2889.3798100814583,2889.3798100814583,0,12.12235892561111
1.5656591999303262,8.33,26.73717865590618,84.21182136886523,68.07327226865043,0,84.46764591960809,1613.8549100214802,-1613.8549100214802,0,25.582455074285804
1.5874374728495024,8.33,26.735919536180894,44.61794576165343,42.44011846973581,0,44.743857734182086,217.78272919176231,-217.78272919176231,0,12.591197252865527
1.6034295990315954,8.33,26.734624083491358,43.947704794960686,42.34849217675139,0,44.07725006391444,159.92126182092932,-159.92126182092932,0,12.954526895375551
1.614974676057366,8.33,26.73347395541905,43.43692030862107,42.28241260604401,0,43.55193311585178,115.45077025770567,-115.45077025770567,0,11.501280723071261
1.6233679664280725,8.33,26.73243178066691,43.07915783075373,42.23982879368309,0,43.1833753059678,83.9329037070641,-83.9329037070641,0,10.421747521407099
1.6295046859896711,8.33,26.731336122025084,42.82105369326602,42.20738173710615,0,42.930619557448566,61.36719561598767,-61.36719561598767,0,10.956586418254233
1.634102846864132,8.33,26.73029116756064,42.648435164703045,42.188619077256945,0,42.75293061114735,45.981608744610014,-45.981608744610014,0,10.449544644430375
1.6374422223365308,8.33,26.729196218627894,42.507367476623045,42.173429929383175,0,42.61686236989773,33.393754723987,-33.393754723987,0,10.949489327468598
1.638866274432463,8.33,26.728113437137477,42.30461321921023,42.16220800961703,0,42.41289136825191,14.24052095931998,-14.24052095931998,0,10.827814904168065
1.6400023191800663,8.33,26.727008866824168,42.26505647707798,42.15145200231764,0,42.37551350840897,11.360447476033642,-11.360447476033642,0,11.045703133099494
1.6408745115961227,8.33,26.7258894625153,42.23792990404686,42.15071066244123,0,42.34987033493334,11.194043088648442,-8.721924160563077,0,11.194043088648442
1.6415564143350623,8.33,26.724822658977583,42.21644782620049,42.148257552306546,0,42.32312817997235,10.668035377185703,-6.819027389394705,0,10.668035377185703
1.6420032126573274,8.33,26.723624949752935,42.18391131694662,42.1392314847201,0,42.30368223941155,11.977092246493015,-4.467983222652094,0,11.977092246493015
1.6424200395015935,8.33,26.722571437434755,42.1780224673071,42.13633978288048,0,42.28337369912493,10.53512318178278,-4.168268442661827,0,10.53512318178278
1.6427154829507904,8.33,26.721457583162874,42.16610245259512,42.136558107675434,0,42.27748787978335,11.138542718823174,-2.9544344919685273,0,11.138542718823174
1.6429359601577604,8.33,26.72030142301618,42.1567904090803,42.1347426883833,0,42.272406423749565,11.561601466926419,-2.2047720697003115,0,11.561601466926419
1.6431508591885544,8.33,26.71921032427725,42.153802835937306,42.13231293285791,0,42.26291270983043,10.91098738931251,-2.1489903079398687,0,10.91098738931251
1.64221970483174,8.33,26.718150700582367,42.04447805465184,42.13759349033329,0,42.15044042413989,10.596236948804716,9.311543568144742,0,10.596236948804716
1.6414909006197898,8.33,26.71702920072119,42.06036151555113,42.133241936746145,0,42.172511501668964,11.2149986117835,7.288042119501625,0,11.2149986117835
1.6408672252367118,8.33,26.715939822642685,42.07780211526578,42.14016965357358,0,42.18673992311621,10.893780785042395,6.236753830779662,0,10.893780785042395
1.640331269173761,8.33,26.714721061022846,42.09476641679443,42.14836202308951,0,42.216642578778206,12.187616198377782,5.359560629508309,0,12.187616198377782
1.6400892827170312,8.33,26.713656768130665,42.12179148616833,42.145990131841316,0,42.22822077538646,10.642928921813422,2.4198645672989016,0,10.642928921813422
1.639895188516166,8.33,26.712600432962997,42.1300526533403,42.14946207342683,0,42.23568617010697,10.56335167666731,1.9409420086532236,0,10.56335167666731
1.6397056513074257,8.33,26.711477935491136,42.13011783013923,42.14907155101324,0,42.242367577325226,11.224974718599867,1.8953720874016255,0,11.224974718599867
1.6395695088947142,8.33,26.710449746990545,42.13776534758146,42.151379588852606,0,42.240584197640466,10.281885005900904,1.3614241271149297,0,10.281885005900904
1.6394346292221877,8.33,26.70939660775728,42.13948698628444,42.15297495353708,0,42.24480090961086,10.531392332642042,1.3487967252643784,0,10.531392332642042
1.6382871031988977,8.33,26.708316317804385,42.03494786960346,42.14970047193246,0,42.142976864893,11.475260232900553,11.475260232900553,0,10.802899528954413
1.6374141928986832,8.33,26.707197889719794,42.06428815807028,42.151579188091745,0,42.17613096652953,11.184280845924377,8.729103002146132,0,11.184280845924377
1.636646933742564,8.33,26.706098279811876,42.08588620741462,42.162612123026534,0,42.195847198206266,10.996099079164878,7.672591561191666,0,10.996099079164878
1.6361192826342659,8.33,26.704995154170604,42.1076916414237,42.16045675225351,0,42.21800420555101,11.031256412731238,5.276511082981017,0,11.031256412731238
1.635743185954458,8.33,26.703919860335056,42.122177131680196,42.159786799660985,0,42.229706515235165,10.752938355496866,3.7609667980788686,0,10.752938355496866
1.6354278227424623,8.33,26.702810596278834,42.12788170987963,42.159418031079205,0,42.23880811550188,11.092640562225142,3.15363211995745,0,11.092640562225142
1.6351816459028563,8.33,26.701752945583873,42.13861956635297,42.163237250313585,0,42.24438463584899,10.576506949601594,2.461768396061359,0,10.576506949601594
1.6349854922939768,8.33,26.700620838761107,42.14445286296855,42.1640682238565,0,42.25766354524525,11.321068227670139,1.9615360887954125,0,11.321068227670139
1.6347916540624685,8.33,26.699439916496118,42.14677916350203,42.16616298665287,0,42.264871390001005,11.809222649897322,1.9383823150839419,0,11.809222649897322
1.6335346621042297,8.33,26.698316614938385,42.04326519234955,42.168964388173436,0,42.15559534812292,12.569919582388422,12.569919582388422,0,11.233015577337113
1.6327569893652918,8.33,26.697218754010144,42.08987237479121,42.16763964868501,0,42.19965846761518,10.97860928239669,7.776727389379801,0,10.97860928239669
1.6321519997011165,8.33,26.696141017814025,42.10960762156117,42.170106587978694,0,42.217381241173086,10.7773619611919,6.049896641752639,0,10.7773619611919
1.63165090649064,8.33,26.694981120038204,42.12244429793283,42.17255361898049,0,42.2384340755149,11.59897775820724,5.010932104765686,0,11.59897775820724
1.6312429239167165,8.33,26.693902262476957,42.13903437194075,42.17983262933309,0,42.2469201280653,10.788575612454565,4.079825739233911,0,10.788575612454565
1.6309010512057915,8.33,26.692796585463537,42.15157215379941,42.18575942489191,0,42.26213985514139,11.056770134198501,3.4187271092505966,0,11.056770134198501
1.6306026566527914,8.33,26.69165701771457,42.15977059537851,42.189610050678525,0,42.273727370275466,11.395677489695544,2.983945530001364,0,11.395677489695544
1.6303863415375812,8.33,26.690500266011536,42.168771598278035,42.19040310979905,0,42.28444676858142,11.567517030338337,2.1631511521015057,0,11.567517030338337
1.6302703426597012,8.33,26.689358275938094,42.17315754581756,42.18475743360557,0,42.28735655316186,11.419900734429689,1.15998877880088,0,11.419900734429689
1.6290980911870543,8.33,26.688221626287334,42.064737809049326,42.181962956314024,0,42.178402774125445,11.722514726469768,11.722514726469768,0,11.366496507611856
1.6282146661564147,8.33,26.687125821588804,42.09915331243032,42.18749581549428,0,42.2087337822831,10.958046985278003,8.834250306396285,0,10.958046985278003
1.6276299946295396,8.33,26.686100642862137,42.13074421485599,42.18921136754351,0,42.23326208752276,10.251787266677326,5.8467152687519786,0,10.251787266677326
1.6270954389751977,8.33,26.68496172753336,42.14111364716378,42.194569212597976,0,42.255005180041486,11.389153287770881,5.34555654341986,0,11.389153287770881
1.6266900041842405,8.33,26.683824284617558,42.154789324965165,42.1953328040609,0,42.268533616545426,11.37442915802609,4.054347909573153,0,11.37442915802609
1.62640123604465,8.33,26.682628124790327,42.167531168763425,42.19640798272248,0,42.28714715148632,11.96159827228982,2.8876813959051617,0,11.96159827228982
1.6262064629849655,8.33,26.68151726274961,42.18075911227647,42.20023641824491,0,42.29184531634807,11.10862040716043,1.947730596844366,0,11.10862040716043
1.6260431826774886,8.33,26.680447949763764,42.18675656406711,42.20308459481481,0,42.293687862651865,10.693129858475459,1.632803074770095,0,10.693129858475459
1.6259141759595555,8.33,26.67932897388096,42.189306827181,42.2022074989743,0,42.3012044154614,11.189758828039942,1.2900671793303786,0,11.189758828039942
1.6246653179515462,8.33,26.678227608893366,42.07920799269283,42.204093793493755,0,42.18934449145216,12.488580080092504,12.488580080092504,0,11.01364987593314
1.6237328189170424,8.33,26.677107410046776,42.11220394623918,42.20545384968957,0,42.224223830898154,11.201988465897728,9.324990345039197,0,11.201988465897728
1.6230401591127597,8.33,26.675946339734683,42.136352943813144,42.20561892424141,0,42.252459975022575,11.6107031209431,6.926598042826981,0,11.6107031209431
1.6225252019599903,8.33,26.674796094124257,42.15769022384531,42.209185939122236,0,42.27271478488788,11.50245610425742,5.149571527692842,0,11.50245610425742
1.6220861274345917,8.33,26.6736792734849,42.17248412564187,42.21639157818173,0,42.28416618957759,11.168206393571722,4.3907452539855285,0,11.168206393571722
1.6217377499478658,8.33,26.672459927048283,42.185278461258264,42.22011620993085,0,42.3072131049199,12.193464366163909,3.48377486725866,0,12.193464366163909
1.6215541144186782,8.33,26.6712868490482,42.2000123066739,42.21837585959266,0,42.31732010668211,11.730780000821284,1.8363552918764015,0,11.730780000821284
1.6214194221630203,8.33,26.670213803431714,42.20760055648357,42.22106978204937,0,42.31490511813206,10.730456164849045,1.3469225565799547,0,10.730456164849045
1.6213285457949818,8.33,26.669130395272752,42.210824282040164,42.21991191884401,0,42.31916509793644,10.834081589627687,0.9087636803847943,0,10.834081589627687
1.6201319906593592,8.33,26.66799746403894,42.09842440872197,42.21807992228422,0,42.21171753210332,11.965551356225035,11.965551356225035,0,11.329312338135367
1.6192132101487133,8.33,26.666785241932647,42.12835710476037,42.22023515582496,0,42.24957931538959,12.122221062922023,9.187805106459024,0,12.122221062922023
1.618487753875947,8.33,26.665606973428833,42.15756254500586,42.230108172282485,0,42.275389395387165,11.78268503813058,7.254562727662517,0,11.78268503813058
1.6179540863827573,8.33,26.66445365731105,42.18082197245067,42.234188721769655,0,42.296153584229096,11.533161177842288,5.336674931898244,0,11.533161177842288
1.6175293853178114,8.33,26.66328883408805,42.19319430443468,42.23566441092926,0,42.30967662673461,11.648232229993027,4.24701064945836,0,11.648232229993027
1.6172587467477855,8.33,26.662187992794973,42.20654750106394,42.23361135806653,0,42.316631630371546,11.00841293076087,2.706385700259517,0,11.00841293076087
1.617028620452084,8.33,26.661022748287042,42.20967783095938,42.232690460529525,0,42.326202281752344,11.65244507929657,2.3012629570146714,0,11.65244507929657
1.6168563690903908,8.33,26.659805660271026,42.2140757527094,42.23130088887872,0,42.33578455431088,12.170880160147846,1.7225136169322752,0,12.170880160147846
1.6154808665681863,8.33,26.65856464070742,42.0962914947238,42.233841746944236,0,42.22039345108432,13.755025222043571,13.755025222043571,0,12.410195636051924
1.6144665684560393,8.33,26.657231116173367,42.13978640171517,42.241216212929885,0,42.2731388551207,13.33524534055286,10.14298112147145,0,13.33524534055286
1.6137482309714444,8.33,26.65597706337212,42.175103877110885,42.24693762557037,0,42.300509157235545,12.540528012466012,7.183374845948265,0,12.540528012466012
1.613204485634432,8.33,26.654716533103226,42.19933449156875,42.253709025269984,0,42.3253875184582,12.60530268894513,5.437453370123535,0,12.60530268894513
1.6128685355206835,8.33,26.653549626210623,42.21557842289777,42.24917343427262,0,42.33226911215809,11.669068926031656,3.359501137484955,0,11.669068926031656
1.612560418581331,8.33,26.652268501623755,42.21705846001737,42.24787015395263,0,42.34517091870397,12.811245868660137,3.081169393526295,0,12.811245868660137
1.6123412735147993,8.33,26.65101240940251,42.23052241448454,42.252436921137715,0,42.356131636609035,12.560922212449555,2.191450665317518,0,12.560922212449555
1.6121975571518168,8.33,26.649739969622196,42.23776337073723,42.25213500703548,0,42.36500734876871,12.72439780314798,1.4371636298250223,0,12.72439780314798
1.6106718361720482,8.33,26.64832397806719,42.101338161763444,42.2539102597403,0,42.24293731726428,15.257209797685789,15.257209797685789,0,14.159915550083468
1.6093647387221426,8.33,26.646818612030863,42.137400416698995,42.268110161689556,0,42.28793702033171,15.053660363271604,13.07097449905612,0,15.053660363271604
1.6084454011860239,8.33,26.64510351353081,42.16633596729427,42.258269720906156,0,42.337845817299595,17.15098500053216,9.193375361188316,0,17.15098500053216
1.6078213934419274,8.33,26.64359331404887,42.20421972599841,42.26662050040805,0,42.355239674192106,15.101994819369224,6.240077440963887,0,15.101994819369224
1.6072819993445906,8.33,26.642119681193975,42.22127857984862,42.2752179895823,0,42.36864186533837,14.736328548974598,5.393940973367961,0,14.736328548974598
