a,v0,ecarts,ecartsA,ecartsV,grad,diffA,diffV
2,8.330029425798264,28.365157127260126,0,28.36515712725909,10.373923942097463,0,-10.373923942097463
2,8.330065502170754,28.364793592912477,0,28.364793592911205,12.718714970105793,0,-12.718714970105793
2,8.330099764109065,28.364347905554432,0,28.364347905553224,12.079226507921703,0,-12.079226507921703
2,8.330131002469015,28.363924643903697,0,28.363924643902596,11.013412404281553,0,-11.013412404281553
2,8.33016435652213,28.363538743282707,0,28.36353874328153,11.759482276829658,0,-11.759482276829658
2,8.330206174440457,28.363126715729333,0,28.36312671572786,14.743761767022079,0,-14.743761767022079
2,8.330241240393553,28.3626101460949,0,28.362610146093665,12.363443602225743,0,-12.363443602225743
2,8.33027741420076,28.362176993741887,0,28.36217699374061,12.754242106893798,0,-12.754242106893798
2,8.33031056460487,28.361730167517145,0,28.361730167515976,11.688428003253648,0,-11.688428003253648
2,8.330346636560282,28.361320696702286,0,28.361320696701014,12.718714970105793,0,-12.718714970105793
2,8.330380289755357,28.360875149708704,0,28.360875149707518,11.866063687193673,0,-11.866063687193673
2,8.330413841256162,28.360083806522407,0,28.360083806521224,11.830536550405668,0,-11.830536550405668
2,8.33044809754318,28.359669384539856,0,28.35966938453865,12.079226507921703,0,-12.079226507921703
2,8.330476207429895,28.3592462669881,0,28.35924626698711,9.912071163853398,0,-9.912071163853398
2,8.330514694330482,28.35889907429643,0,28.358899074295074,13.571366253017914,0,-13.571366253017914
2,8.330545426057562,28.361351357390635,0,28.36135135738955,10.835776720341528,0,-10.835776720341528
2,8.33058109453556,28.360971790817224,0,28.360971790815967,12.576606422953773,0,-12.576606422953773
2,8.330615452620506,28.360531260567964,0,28.360531260566752,12.114753644709708,0,-12.114753644709708
2,8.330650716482808,28.359699485035996,0,28.359699485034753,12.434497875801753,0,-12.434497875801753
2,8.33068920387857,28.359263943027393,0,28.359263943026036,13.571366253017914,0,-13.571366253017914
2,8.330722759614622,28.36366373426457,0,28.363663734263387,11.830536550405668,0,-11.830536550405668
2,8.330759438621978,28.363249289339514,0,28.36324928933822,12.931877790833823,0,-12.931877790833823
2,8.33079359792115,28.362796279951915,0,28.36279627995071,12.043699371133698,0,-12.043699371133698
2,8.330829469689947,28.362374400796135,0,28.36237440079487,12.647660696529783,0,-12.647660696529783
2,8.330868162229434,28.361931382644592,0,28.361931382643228,13.642420526593924,0,-13.642420526593924
2,8.330898793307112,28.361453539996848,0,28.361453539995768,10.800249583553523,0,-10.800249583553523
2,8.330936879496878,28.360606818968886,0,28.360606818967543,13.429257705865894,0,-13.429257705865894
2,8.330973755989639,28.360136450172035,0,28.360136450170735,13.002932064409833,0,-13.002932064409833
2,8.3310079115369,28.359681032891388,0,28.359681032890183,12.043699371133698,0,-12.043699371133698
2,8.331037431969058,28.359259228920866,0,28.359259228919825,10.409451078885468,0,-10.409451078885468
2,8.331071284316154,28.358894674180554,0,28.35889467417936,11.937117960769683,0,-11.937117960769683
2,8.331107352654282,28.358476632548772,0,28.3584766325475,12.718714970105793,0,-12.718714970105793
2,8.331144629401509,28.358031236149728,0,28.358031236148413,13.145040611561853,0,-13.145040611561853
2,8.331183416738611,28.357570928607885,0,28.357570928606517,13.677947663381929,0,-13.677947663381929
2,8.331221598952837,28.357091978651027,0,28.35709197864968,13.464784842653899,0,-13.464784842653899
2,8.331255549328196,28.356620514250626,0,28.35662051424943,11.972645097557688,0,-11.972645097557688
2,8.331287585113841,28.35620131611325,0,28.35620131611212,11.297629498585593,0,-11.297629498585593
2,8.331322239694146,28.355805767086466,0,28.355805767085243,12.221335055073723,0,-12.221335055073723
2,8.331353166425592,28.355377893324803,0,28.355377893323713,10.906830993917538,0,-10.906830993917538
2,8.33138872665096,28.354996055214478,0,28.354996055213224,12.541079286165768,0,-12.541079286165768
2,8.331427812072521,28.354557019495388,0,28.35455701949401,13.784529073745944,0,-13.784529073745944
2,8.331462363803045,28.354074473142663,0,28.354074473141445,12.185807918285718,0,-12.185807918285718
2,8.33150144797144,28.3536479102457,0,28.353647910244323,13.784529073745944,0,-13.784529073745944
2,8.331533581057904,28.353165403728017,0,28.353165403726884,11.333156635373598,0,-11.333156635373598
2,8.331565512236262,28.35276872021722,0,28.352768720216094,11.262102361797588,0,-11.262102361797588
2,8.331604594649374,28.35237453792248,0,28.3523745379211,13.784529073745944,0,-13.784529073745944
2,8.331639042994329,28.351892087197,0,28.351892087195786,12.150280781497713,0,-12.150280781497713
2,8.331675303866206,28.351466852193525,0,28.351466852192246,12.789769243681803,0,-12.789769243681803
2,8.33170914681232,28.351019253965696,0,28.351019253964502,11.937117960769683,0,-11.937117960769683
2,8.331743092950864,28.35308176915739,0,28.353081769156194,11.972645097557688,0,-11.972645097557688
2,8.331773613805384,28.352662756104355,0,28.35266275610328,10.764722446765518,0,-10.764722446765518
2,8.33180806262899,28.352286031259204,0,28.35228603125799,12.150280781497713,0,-12.150280781497713
2,8.331834552558032,28.350768668637166,0,28.35076866863623,9.343636975245317,0,-9.343636975245317
2,8.331874438074786,28.35044166517737,0,28.350441665175964,14.068746168049984,0,-14.068746168049984
2,8.331910500779609,28.354047486419347,0,28.354047486418075,12.718714970105793,0,-12.718714970105793
2,8.331944649005848,28.353602316735667,0,28.353602316734463,12.043699371133698,0,-12.043699371133698
2,8.331981214262012,28.35318079014084,0,28.35318079013955,12.896350654045818,0,-12.896350654045818
2,8.332012339563091,28.352729438606463,0,28.352729438605365,10.977885267493548,0,-10.977885267493548
2,8.332046989914176,28.352345245309415,0,28.352345245308193,12.221335055073723,0,-12.221335055073723
