17.0;13.8
17.016666666666666;13.142857142857142
17.033333333333335;13.2
17.05;12.6
17.066666666666666;12.8
17.083333333333332;11.6
17.1;10.8
17.116666666666667;10.6
17.133333333333333;11.0
17.15;11.0
17.166666666666668;11.0
17.183333333333334;11.2
17.2;11.4
17.216666666666665;11.2
17.233333333333334;11.4
17.25;12.0
17.266666666666666;7.833333333333333
17.283333333333335;11.75
17.3;10.2
17.316666666666666;10.25
17.333333333333332;10.25
17.35;9.25
17.366666666666667;12.333333333333334
17.383333333333333;8.0
17.4;9.75
17.416666666666668;7.75
17.433333333333334;6.0
17.45;6.4
17.466666666666665;9.666666666666666
17.483333333333334;11.0
17.5;8.25
17.516666666666666;9.0
17.533333333333335;9.5
17.55;9.5
17.566666666666666;7.0
17.583333333333332;8.5
17.6;8.5
17.616666666666667;9.333333333333334
17.633333333333333;11.2
17.65;10.25
17.666666666666668;10.0
17.683333333333334;10.0
17.7;9.5
17.716666666666665;10.0
17.733333333333334;10.0
17.75;10.0
17.766666666666666;9.25
17.783333333333335;8.0
17.8;10.0
17.816666666666666;7.0
17.833333333333332;8.75
17.85;8.0
17.866666666666667;7.5
17.883333333333333;9.5
17.9;9.5
17.916666666666668;9.333333333333334
17.933333333333334;10.75
17.95;13.666666666666666
17.966666666666665;8.6
17.983333333333334;10.75
