17.0;22.4
17.016666666666666;22.857142857142858
17.033333333333335;22.0
17.05;21.8
17.066666666666666;22.2
17.083333333333332;21.8
17.1;22.0
17.116666666666667;21.8
17.133333333333333;22.0
17.15;22.0
17.166666666666668;21.75
17.183333333333334;21.4
17.2;21.8
17.216666666666665;22.0
17.233333333333334;22.6
17.25;22.6
17.266666666666666;21.166666666666668
17.283333333333335;22.5
17.3;20.4
17.316666666666666;19.25
17.333333333333332;19.25
17.35;19.75
17.366666666666667;22.0
17.383333333333333;20.6
17.4;21.25
17.416666666666668;21.0
17.433333333333334;20.8
17.45;21.4
17.466666666666665;22.0
17.483333333333334;22.666666666666668
17.5;21.75
17.516666666666666;22.25
17.533333333333335;21.75
17.55;22.0
17.566666666666666;21.6
17.583333333333332;22.0
17.6;22.0
17.616666666666667;22.333333333333332
17.633333333333333;22.2
17.65;22.5
17.666666666666668;22.25
17.683333333333334;22.5
17.7;21.75
17.716666666666665;21.5
17.733333333333334;21.0
17.75;20.75
17.766666666666666;21.25
17.783333333333335;22.0
17.8;22.0
17.816666666666666;23.333333333333332
17.833333333333332;22.25
17.85;21.5
17.866666666666667;22.5
17.883333333333333;21.5
17.9;21.5
17.916666666666668;21.333333333333332
17.933333333333334;21.75
17.95;22.666666666666668
17.966666666666665;21.8
17.983333333333334;21.5
