17.0;15.6
17.016666666666666;15.047619047619047
17.033333333333335;15.4
17.05;15.0
17.066666666666666;15.0
17.083333333333332;15.4
17.1;16.2
17.116666666666667;16.0
17.133333333333333;16.0
17.15;15.8
17.166666666666668;16.25
17.183333333333334;15.6
17.2;15.6
17.216666666666665;16.0
17.233333333333334;16.0
17.25;15.6
17.266666666666666;15.5
17.283333333333335;15.25
17.3;15.8
17.316666666666666;16.0
17.333333333333332;16.0
17.35;16.0
17.366666666666667;15.666666666666666
17.383333333333333;15.4
17.4;15.0
17.416666666666668;15.0
17.433333333333334;15.4
17.45;15.6
17.466666666666665;15.333333333333334
17.483333333333334;15.666666666666666
17.5;16.0
17.516666666666666;16.0
17.533333333333335;16.0
17.55;16.0
17.566666666666666;16.2
17.583333333333332;15.75
17.6;15.75
17.616666666666667;15.333333333333334
17.633333333333333;15.4
17.65;15.75
17.666666666666668;15.75
17.683333333333334;15.5
17.7;15.25
17.716666666666665;14.75
17.733333333333334;15.25
17.75;15.5
17.766666666666666;16.25
17.783333333333335;15.666666666666666
17.8;15.4
17.816666666666666;16.0
17.833333333333332;15.75
17.85;15.0
17.866666666666667;15.0
17.883333333333333;15.5
17.9;16.25
17.916666666666668;15.666666666666666
17.933333333333334;16.5
17.95;15.666666666666666
17.966666666666665;15.8
17.983333333333334;16.0
