17.0;16.8
17.016666666666666;17.095238095238095
17.033333333333335;17.2
17.05;16.8
17.066666666666666;17.2
17.083333333333332;17.6
17.1;18.2
17.116666666666667;18.0
17.133333333333333;17.6
17.15;17.2
17.166666666666668;17.5
17.183333333333334;17.4
17.2;16.8
17.216666666666665;16.6
17.233333333333334;16.4
17.25;16.8
17.266666666666666;16.833333333333332
17.283333333333335;17.0
17.3;17.4
17.316666666666666;17.75
17.333333333333332;17.5
17.35;17.5
17.366666666666667;17.0
17.383333333333333;14.0
17.4;14.25
17.416666666666668;14.25
17.433333333333334;16.2
17.45;16.8
17.466666666666665;17.666666666666668
17.483333333333334;17.666666666666668
17.5;17.75
17.516666666666666;18.0
17.533333333333335;17.75
17.55;17.5
17.566666666666666;17.4
17.583333333333332;17.25
17.6;17.75
17.616666666666667;17.0
17.633333333333333;17.6
17.65;17.25
17.666666666666668;17.25
17.683333333333334;17.0
17.7;16.0
17.716666666666665;15.75
17.733333333333334;16.5
17.75;17.25
17.766666666666666;16.75
17.783333333333335;16.333333333333332
17.8;17.6
17.816666666666666;17.666666666666668
17.833333333333332;17.5
17.85;17.333333333333332
17.866666666666667;17.5
17.883333333333333;17.5
17.9;17.5
17.916666666666668;17.666666666666668
17.933333333333334;17.0
17.95;16.333333333333332
17.966666666666665;16.8
17.983333333333334;16.75
