17.0;14.6
17.016666666666666;16.666666666666668
17.033333333333335;15.8
17.05;16.0
17.066666666666666;16.2
17.083333333333332;15.8
17.1;16.0
17.116666666666667;16.6
17.133333333333333;18.2
17.15;18.0
17.166666666666668;17.0
17.183333333333334;16.4
17.2;15.6
17.216666666666665;14.0
17.233333333333334;14.4
17.25;14.2
17.266666666666666;12.166666666666666
17.283333333333335;14.5
17.3;13.6
17.316666666666666;13.75
17.333333333333332;15.25
17.35;17.0
17.366666666666667;17.333333333333332
17.383333333333333;15.6
17.4;13.5
17.416666666666668;14.75
17.433333333333334;15.0
17.45;14.6
17.466666666666665;11.0
17.483333333333334;11.0
17.5;13.5
17.516666666666666;15.5
17.533333333333335;14.0
17.55;12.0
17.566666666666666;10.0
17.583333333333332;11.75
17.6;14.25
17.616666666666667;15.666666666666666
17.633333333333333;15.4
17.65;16.0
17.666666666666668;16.75
17.683333333333334;15.75
17.7;14.0
17.716666666666665;13.0
17.733333333333334;13.25
17.75;14.5
17.766666666666666;15.25
17.783333333333335;13.333333333333334
17.8;15.0
17.816666666666666;12.666666666666666
17.833333333333332;16.0
17.85;17.0
17.866666666666667;11.5
17.883333333333333;11.5
17.9;11.0
17.916666666666668;11.0
17.933333333333334;10.25
17.95;9.666666666666666
17.966666666666665;13.2
17.983333333333334;13.5
