17.0;20.2
17.016666666666666;19.904761904761905
17.033333333333335;19.8
17.05;20.2
17.066666666666666;20.0
17.083333333333332;20.2
17.1;20.4
17.116666666666667;20.2
17.133333333333333;20.2
17.15;19.6
17.166666666666668;20.0
17.183333333333334;20.0
17.2;19.8
17.216666666666665;19.4
17.233333333333334;19.2
17.25;19.4
17.266666666666666;19.166666666666668
17.283333333333335;18.75
17.3;17.4
17.316666666666666;16.75
17.333333333333332;17.0
17.35;18.5
17.366666666666667;19.333333333333332
17.383333333333333;19.8
17.4;19.5
17.416666666666668;20.0
17.433333333333334;19.6
17.45;19.0
17.466666666666665;19.0
17.483333333333334;19.666666666666668
17.5;20.0
17.516666666666666;20.0
17.533333333333335;20.5
17.55;20.75
17.566666666666666;21.0
17.583333333333332;20.25
17.6;20.75
17.616666666666667;21.0
17.633333333333333;20.6
17.65;20.25
17.666666666666668;20.0
17.683333333333334;19.5
17.7;20.0
17.716666666666665;19.75
17.733333333333334;20.0
17.75;20.0
17.766666666666666;20.25
17.783333333333335;20.333333333333332
17.8;20.8
17.816666666666666;20.0
17.833333333333332;20.25
17.85;20.5
17.866666666666667;20.5
17.883333333333333;20.0
17.9;20.25
17.916666666666668;20.0
17.933333333333334;19.5
17.95;19.333333333333332
17.966666666666665;19.0
17.983333333333334;19.0
