17.0;17.8
17.016666666666666;17.904761904761905
17.033333333333335;17.8
17.05;18.0
17.066666666666666;18.2
17.083333333333332;18.2
17.1;17.8
17.116666666666667;18.4
17.133333333333333;18.4
17.15;18.6
17.166666666666668;17.25
17.183333333333334;17.0
17.2;16.8
17.216666666666665;16.6
17.233333333333334;17.0
17.25;17.8
17.266666666666666;14.666666666666666
17.283333333333335;17.25
17.3;17.2
17.316666666666666;17.75
17.333333333333332;17.5
17.35;17.75
17.366666666666667;17.666666666666668
17.383333333333333;16.8
17.4;16.5
17.416666666666668;16.75
17.433333333333334;16.4
17.45;17.2
17.466666666666665;16.333333333333332
17.483333333333334;16.666666666666668
17.5;16.75
17.516666666666666;16.75
17.533333333333335;16.25
17.55;16.5
17.566666666666666;16.6
17.583333333333332;17.0
17.6;17.5
17.616666666666667;17.666666666666668
17.633333333333333;18.0
17.65;17.75
17.666666666666668;18.0
17.683333333333334;17.25
17.7;16.25
17.716666666666665;16.75
17.733333333333334;16.75
17.75;17.25
17.766666666666666;17.5
17.783333333333335;16.333333333333332
17.8;17.6
17.816666666666666;16.333333333333332
17.833333333333332;18.0
17.85;17.666666666666668
17.866666666666667;17.0
17.883333333333333;17.25
17.9;16.75
17.916666666666668;17.333333333333332
17.933333333333334;17.25
17.95;17.0
17.966666666666665;17.2
17.983333333333334;17.0
