17.0;17.4
17.016666666666666;15.571428571428571
17.033333333333335;17.8
17.05;17.6
17.066666666666666;17.6
17.083333333333332;17.8
17.1;17.8
17.116666666666667;17.6
17.133333333333333;17.2
17.15;17.0
17.166666666666668;17.0
17.183333333333334;16.8
17.2;16.8
17.216666666666665;16.6
17.233333333333334;16.6
17.25;16.8
17.266666666666666;17.166666666666668
17.283333333333335;16.0
17.3;15.8
17.316666666666666;16.0
17.333333333333332;16.5
17.35;16.75
17.366666666666667;16.333333333333332
17.383333333333333;16.0
17.4;16.75
17.416666666666668;17.0
17.433333333333334;17.2
17.45;16.0
17.466666666666665;16.333333333333332
17.483333333333334;16.333333333333332
17.5;17.5
17.516666666666666;17.75
17.533333333333335;17.5
17.55;17.25
17.566666666666666;17.4
17.583333333333332;16.75
17.6;15.75
17.616666666666667;16.0
17.633333333333333;15.8
17.65;15.75
17.666666666666668;16.25
17.683333333333334;16.25
17.7;17.25
17.716666666666665;17.25
17.733333333333334;16.75
17.75;17.0
17.766666666666666;17.0
17.783333333333335;16.666666666666668
17.8;16.8
17.816666666666666;16.0
17.833333333333332;16.75
17.85;16.833333333333332
17.866666666666667;15.0
17.883333333333333;16.0
17.9;17.75
17.916666666666668;17.333333333333332
17.933333333333334;17.0
17.95;16.333333333333332
17.966666666666665;15.4
17.983333333333334;15.5
