17.0;-1.0
17.016666666666666;-1.0
17.033333333333335;-1.0
17.05;-1.0
17.066666666666666;-1.0
17.083333333333332;-1.0
17.1;-1.0
17.116666666666667;-1.0
17.133333333333333;-1.0
17.15;-1.0
17.166666666666668;-1.0
17.183333333333334;-1.0
17.2;-1.0
17.216666666666665;-1.0
17.233333333333334;-1.0
17.25;-1.0
17.266666666666666;-1.0
17.283333333333335;-1.0
17.3;-1.0
17.316666666666666;-1.0
17.333333333333332;-1.0
17.35;-1.0
17.366666666666667;-1.0
17.383333333333333;-1.0
17.4;-1.0
17.416666666666668;-1.0
17.433333333333334;-1.0
17.45;-1.0
17.466666666666665;-1.0
17.483333333333334;-1.0
17.5;-1.0
17.516666666666666;-1.0
17.533333333333335;-1.0
17.55;-1.0
17.566666666666666;-1.0
17.583333333333332;-1.0
17.6;-1.0
17.616666666666667;-1.0
17.633333333333333;-1.0
17.65;-1.0
17.666666666666668;-1.0
17.683333333333334;-1.0
17.7;-1.0
17.716666666666665;-1.0
17.733333333333334;-1.0
17.75;-1.0
17.766666666666666;-1.0
17.783333333333335;-1.0
17.8;-1.0
17.816666666666666;-1.0
17.833333333333332;-1.0
17.85;-1.0
17.866666666666667;-1.0
17.883333333333333;-1.0
17.9;-1.0
17.916666666666668;-1.0
17.933333333333334;-1.0
17.95;-1.0
17.966666666666665;-1.0
17.983333333333334;-1.0
