17.0;19.6
17.016666666666666;19.047619047619047
17.033333333333335;18.0
17.05;18.2
17.066666666666666;17.8
17.083333333333332;18.8
17.1;18.8
17.116666666666667;18.8
17.133333333333333;19.0
17.15;18.6
17.166666666666668;18.75
17.183333333333334;18.4
17.2;18.2
17.216666666666665;17.8
17.233333333333334;17.8
17.25;18.2
17.266666666666666;16.833333333333332
17.283333333333335;16.0
17.3;16.2
17.316666666666666;16.25
17.333333333333332;16.5
17.35;16.5
17.366666666666667;16.666666666666668
17.383333333333333;19.4
17.4;18.0
17.416666666666668;16.75
17.433333333333334;15.0
17.45;16.8
17.466666666666665;17.0
17.483333333333334;17.0
17.5;17.0
17.516666666666666;16.75
17.533333333333335;18.75
17.55;18.0
17.566666666666666;18.2
17.583333333333332;17.25
17.6;17.5
17.616666666666667;15.0
17.633333333333333;15.2
17.65;14.25
17.666666666666668;16.0
17.683333333333334;17.25
17.7;18.25
17.716666666666665;17.75
17.733333333333334;18.0
17.75;18.0
17.766666666666666;16.5
17.783333333333335;14.0
17.8;14.4
17.816666666666666;14.0
17.833333333333332;14.5
17.85;16.666666666666668
17.866666666666667;15.0
17.883333333333333;16.25
17.9;16.25
17.916666666666668;16.666666666666668
17.933333333333334;15.5
17.95;14.666666666666666
17.966666666666665;15.6
17.983333333333334;15.25
