17.0;15.8
17.016666666666666;14.285714285714286
17.033333333333335;14.2
17.05;14.0
17.066666666666666;15.0
17.083333333333332;15.4
17.1;15.4
17.116666666666667;15.2
17.133333333333333;15.2
17.15;14.4
17.166666666666668;13.75
17.183333333333334;13.6
17.2;13.4
17.216666666666665;13.6
17.233333333333334;14.0
17.25;14.4
17.266666666666666;12.333333333333334
17.283333333333335;13.25
17.3;12.6
17.316666666666666;11.0
17.333333333333332;10.5
17.35;10.0
17.366666666666667;10.333333333333334
17.383333333333333;9.2
17.4;9.25
17.416666666666668;8.5
17.433333333333334;7.8
17.45;7.4
17.466666666666665;6.666666666666667
17.483333333333334;8.666666666666666
17.5;8.25
17.516666666666666;10.75
17.533333333333335;11.25
17.55;10.5
17.566666666666666;9.2
17.583333333333332;10.5
17.6;11.0
17.616666666666667;11.666666666666666
17.633333333333333;12.6
17.65;13.0
17.666666666666668;12.5
17.683333333333334;10.75
17.7;10.25
17.716666666666665;11.0
17.733333333333334;10.75
17.75;9.25
17.766666666666666;8.5
17.783333333333335;6.666666666666667
17.8;8.8
17.816666666666666;7.333333333333333
17.833333333333332;8.5
17.85;8.5
17.866666666666667;9.0
17.883333333333333;8.25
17.9;10.75
17.916666666666668;12.0
17.933333333333334;11.75
17.95;11.666666666666666
17.966666666666665;11.2
17.983333333333334;12.0
