17.0;19.0
17.016666666666666;18.142857142857142
17.033333333333335;18.6
17.05;18.8
17.066666666666666;18.4
17.083333333333332;18.4
17.1;18.4
17.116666666666667;19.0
17.133333333333333;19.0
17.15;18.8
17.166666666666668;18.0
17.183333333333334;17.6
17.2;17.6
17.216666666666665;17.8
17.233333333333334;18.6
17.25;18.2
17.266666666666666;18.166666666666668
17.283333333333335;17.5
17.3;18.6
17.316666666666666;17.75
17.333333333333332;18.0
17.35;18.25
17.366666666666667;18.333333333333332
17.383333333333333;18.0
17.4;16.75
17.416666666666668;16.75
17.433333333333334;16.6
17.45;17.8
17.466666666666665;18.666666666666668
17.483333333333334;18.666666666666668
17.5;19.25
17.516666666666666;18.5
17.533333333333335;16.75
17.55;16.75
17.566666666666666;17.4
17.583333333333332;17.75
17.6;17.75
17.616666666666667;17.0
17.633333333333333;16.6
17.65;17.25
17.666666666666668;18.75
17.683333333333334;18.25
17.7;17.5
17.716666666666665;18.0
17.733333333333334;17.0
17.75;17.25
17.766666666666666;16.75
17.783333333333335;17.333333333333332
17.8;18.2
17.816666666666666;18.333333333333332
17.833333333333332;18.25
17.85;17.666666666666668
17.866666666666667;16.0
17.883333333333333;16.0
17.9;16.5
17.916666666666668;16.333333333333332
17.933333333333334;16.75
17.95;17.333333333333332
17.966666666666665;18.0
17.983333333333334;17.75
