17.0;9.6
17.016666666666666;9.380952380952381
17.033333333333335;11.0
17.05;11.6
17.066666666666666;9.6
17.083333333333332;9.0
17.1;8.6
17.116666666666667;9.6
17.133333333333333;10.4
17.15;10.6
17.166666666666668;8.5
17.183333333333334;10.2
17.2;10.8
17.216666666666665;11.4
17.233333333333334;10.0
17.25;9.6
17.266666666666666;9.0
17.283333333333335;11.5
17.3;8.4
17.316666666666666;7.0
17.333333333333332;6.25
17.35;7.25
17.366666666666667;8.666666666666666
17.383333333333333;9.0
17.4;9.75
17.416666666666668;10.0
17.433333333333334;9.2
17.45;9.2
17.466666666666665;9.666666666666666
17.483333333333334;9.666666666666666
17.5;8.25
17.516666666666666;8.75
17.533333333333335;8.5
17.55;8.0
17.566666666666666;6.6
17.583333333333332;6.75
17.6;6.25
17.616666666666667;6.666666666666667
17.633333333333333;8.4
17.65;8.25
17.666666666666668;7.0
17.683333333333334;7.0
17.7;7.0
17.716666666666665;7.75
17.733333333333334;7.75
17.75;8.5
17.766666666666666;8.25
17.783333333333335;6.666666666666667
17.8;8.4
17.816666666666666;6.666666666666667
17.833333333333332;8.0
17.85;9.833333333333334
17.866666666666667;6.5
17.883333333333333;8.25
17.9;8.25
17.916666666666668;9.333333333333334
17.933333333333334;8.5
17.95;8.666666666666666
17.966666666666665;7.6
17.983333333333334;8.75
