17.0;32.6
17.016666666666666;29.142857142857142
17.033333333333335;26.6
17.05;26.4
17.066666666666666;30.0
17.083333333333332;33.0
17.1;34.4
17.116666666666667;34.0
17.133333333333333;32.8
17.15;31.6
17.166666666666668;32.5
17.183333333333334;31.6
17.2;32.6
17.216666666666665;32.6
17.233333333333334;34.0
17.25;33.0
17.266666666666666;29.333333333333332
17.283333333333335;29.25
17.3;30.2
17.316666666666666;30.5
17.333333333333332;31.5
17.35;31.5
17.366666666666667;32.666666666666664
17.383333333333333;33.6
17.4;29.25
17.416666666666668;27.0
17.433333333333334;26.2
17.45;29.4
17.466666666666665;34.666666666666664
17.483333333333334;34.0
17.5;32.0
17.516666666666666;30.5
17.533333333333335;28.75
17.55;30.25
17.566666666666666;27.6
17.583333333333332;27.5
17.6;28.25
17.616666666666667;27.666666666666668
17.633333333333333;30.2
17.65;30.0
17.666666666666668;29.25
17.683333333333334;32.25
17.7;32.75
17.716666666666665;31.75
17.733333333333334;32.0
17.75;30.75
17.766666666666666;29.5
17.783333333333335;25.0
17.8;25.8
17.816666666666666;27.333333333333332
17.833333333333332;28.5
17.85;31.333333333333332
17.866666666666667;30.5
17.883333333333333;32.5
17.9;33.0
17.916666666666668;30.666666666666668
17.933333333333334;32.25
17.95;27.333333333333332
17.966666666666665;28.8
17.983333333333334;29.5
