17.0;11.6
17.016666666666666;2.0
17.033333333333335;11.8
17.05;12.6
17.066666666666666;12.6
17.083333333333332;13.0
17.1;12.8
17.116666666666667;13.0
17.133333333333333;13.0
17.15;13.0
17.166666666666668;16.5
17.183333333333334;13.0
17.2;13.2
17.216666666666665;12.8
17.233333333333334;13.2
17.25;12.6
17.266666666666666;6.5
17.283333333333335;10.5
17.3;8.2
17.316666666666666;10.5
17.333333333333332;10.0
17.35;10.25
17.366666666666667;13.666666666666666
17.383333333333333;8.0
17.4;10.5
17.416666666666668;10.5
17.433333333333334;8.0
17.45;8.0
17.466666666666665;13.666666666666666
17.483333333333334;14.0
17.5;10.0
17.516666666666666;10.75
17.533333333333335;10.5
17.55;10.0
17.566666666666666;7.6
17.583333333333332;9.75
17.6;10.25
17.616666666666667;14.0
17.633333333333333;8.4
17.65;9.75
17.666666666666668;10.25
17.683333333333334;10.0
17.7;10.25
17.716666666666665;10.0
17.733333333333334;10.0
17.75;10.0
17.766666666666666;10.25
17.783333333333335;14.0
17.8;8.2
17.816666666666666;14.0
17.833333333333332;10.5
17.85;6.333333333333333
17.866666666666667;22.0
17.883333333333333;10.5
17.9;10.0
17.916666666666668;14.0
17.933333333333334;10.5
17.95;6.666666666666667
17.966666666666665;12.8
17.983333333333334;10.0
