17.0;20.6
17.016666666666666;20.904761904761905
17.033333333333335;20.8
17.05;20.6
17.066666666666666;20.6
17.083333333333332;20.4
17.1;20.6
17.116666666666667;20.8
17.133333333333333;19.4
17.15;18.2
17.166666666666668;16.5
17.183333333333334;17.4
17.2;17.8
17.216666666666665;17.8
17.233333333333334;17.8
17.25;17.6
17.266666666666666;13.5
17.283333333333335;15.75
17.3;14.0
17.316666666666666;13.5
17.333333333333332;12.5
17.35;13.0
17.366666666666667;10.333333333333334
17.383333333333333;12.2
17.4;11.5
17.416666666666668;12.25
17.433333333333334;11.0
17.45;11.8
17.466666666666665;14.666666666666666
17.483333333333334;14.666666666666666
17.5;12.75
17.516666666666666;12.5
17.533333333333335;10.75
17.55;10.5
17.566666666666666;9.0
17.583333333333332;10.0
17.6;11.5
17.616666666666667;9.666666666666666
17.633333333333333;14.4
17.65;12.75
17.666666666666668;11.5
17.683333333333334;9.25
17.7;9.0
17.716666666666665;9.5
17.733333333333334;10.5
17.75;12.0
17.766666666666666;11.75
17.783333333333335;8.333333333333334
17.8;13.8
17.816666666666666;8.666666666666666
17.833333333333332;11.75
17.85;11.333333333333334
17.866666666666667;12.5
17.883333333333333;12.0
17.9;12.5
17.916666666666668;15.333333333333334
17.933333333333334;12.0
17.95;15.0
17.966666666666665;9.8
17.983333333333334;12.0
