17.0;21.0
17.016666666666666;17.0
17.033333333333335;14.8
17.05;19.4
17.066666666666666;18.0
17.083333333333332;14.8
17.1;18.4
17.116666666666667;15.2
17.133333333333333;14.8
17.15;15.2
17.166666666666668;16.25
17.183333333333334;15.0
17.2;15.0
17.216666666666665;15.2
17.233333333333334;15.8
17.25;15.4
17.266666666666666;19.0
17.283333333333335;22.0
17.3;17.8
17.316666666666666;12.5
17.333333333333332;11.0
17.35;13.75
17.366666666666667;15.0
17.383333333333333;16.0
17.4;15.0
17.416666666666668;13.75
17.433333333333334;14.4
17.45;14.4
17.466666666666665;15.666666666666666
17.483333333333334;15.0
17.5;15.75
17.516666666666666;16.0
17.533333333333335;15.25
17.55;14.0
17.566666666666666;13.6
17.583333333333332;14.0
17.6;14.0
17.616666666666667;11.666666666666666
17.633333333333333;11.2
17.65;11.25
17.666666666666668;12.75
17.683333333333334;16.25
17.7;16.25
17.716666666666665;16.0
17.733333333333334;14.0
17.75;14.75
17.766666666666666;14.25
17.783333333333335;15.333333333333334
17.8;14.8
17.816666666666666;15.666666666666666
17.833333333333332;13.25
17.85;12.666666666666666
17.866666666666667;12.5
17.883333333333333;14.5
17.9;15.0
17.916666666666668;15.666666666666666
17.933333333333334;15.25
17.95;14.333333333333334
17.966666666666665;14.6
17.983333333333334;14.5
