17.0;22.4
17.016666666666666;22.80952380952381
17.033333333333335;22.0
17.05;21.4
17.066666666666666;21.8
17.083333333333332;21.8
17.1;21.6
17.116666666666667;21.4
17.133333333333333;21.2
17.15;21.8
17.166666666666668;21.25
17.183333333333334;22.2
17.2;22.0
17.216666666666665;22.0
17.233333333333334;21.8
17.25;22.0
17.266666666666666;21.333333333333332
17.283333333333335;22.25
17.3;21.6
17.316666666666666;21.5
17.333333333333332;21.75
17.35;21.25
17.366666666666667;21.666666666666668
17.383333333333333;22.0
17.4;21.75
17.416666666666668;21.5
17.433333333333334;21.6
17.45;21.4
17.466666666666665;21.0
17.483333333333334;21.333333333333332
17.5;22.25
17.516666666666666;21.75
17.533333333333335;21.5
17.55;21.5
17.566666666666666;21.2
17.583333333333332;21.0
17.6;21.5
17.616666666666667;21.333333333333332
17.633333333333333;20.6
17.65;20.25
17.666666666666668;21.25
17.683333333333334;21.75
17.7;21.5
17.716666666666665;21.25
17.733333333333334;21.5
17.75;21.25
17.766666666666666;21.25
17.783333333333335;21.0
17.8;21.6
17.816666666666666;21.666666666666668
17.833333333333332;22.0
17.85;21.833333333333332
17.866666666666667;22.0
17.883333333333333;21.25
17.9;21.0
17.916666666666668;21.333333333333332
17.933333333333334;22.0
17.95;22.333333333333332
17.966666666666665;21.8
17.983333333333334;21.25
