17.0;21.6
17.016666666666666;21.142857142857142
17.033333333333335;21.2
17.05;21.0
17.066666666666666;21.0
17.083333333333332;20.8
17.1;19.8
17.116666666666667;17.8
17.133333333333333;17.4
17.15;17.2
17.166666666666668;16.5
17.183333333333334;18.2
17.2;18.2
17.216666666666665;20.8
17.233333333333334;20.8
17.25;21.2
17.266666666666666;21.833333333333332
17.283333333333335;20.75
17.3;20.2
17.316666666666666;18.75
17.333333333333332;17.0
17.35;17.25
17.366666666666667;20.333333333333332
17.383333333333333;14.4
17.4;16.75
17.416666666666668;18.25
17.433333333333334;20.0
17.45;21.0
17.466666666666665;20.0
17.483333333333334;20.333333333333332
17.5;20.5
17.516666666666666;20.5
17.533333333333335;20.5
17.55;20.5
17.566666666666666;20.6
17.583333333333332;20.75
17.6;20.75
17.616666666666667;21.333333333333332
17.633333333333333;18.4
17.65;17.0
17.666666666666668;16.5
17.683333333333334;18.25
17.7;19.0
17.716666666666665;18.75
17.733333333333334;18.25
17.75;17.5
17.766666666666666;17.25
17.783333333333335;17.0
17.8;19.6
17.816666666666666;21.0
17.833333333333332;20.25
17.85;20.5
17.866666666666667;20.5
17.883333333333333;21.0
17.9;21.25
17.916666666666668;21.333333333333332
17.933333333333334;21.5
17.95;21.666666666666668
17.966666666666665;20.6
17.983333333333334;20.25
