17.0;14.2
17.016666666666666;10.238095238095237
17.033333333333335;14.2
17.05;13.4
17.066666666666666;13.2
17.083333333333332;12.0
17.1;11.2
17.116666666666667;10.6
17.133333333333333;10.8
17.15;10.6
17.166666666666668;8.5
17.183333333333334;10.8
17.2;11.2
17.216666666666665;11.8
17.233333333333334;12.4
17.25;12.0
17.266666666666666;7.166666666666667
17.283333333333335;9.25
17.3;7.4
17.316666666666666;5.25
17.333333333333332;6.0
17.35;7.5
17.366666666666667;9.333333333333334
17.383333333333333;6.4
17.4;8.0
17.416666666666668;8.0
17.433333333333334;6.8
17.45;6.4
17.466666666666665;9.666666666666666
17.483333333333334;9.666666666666666
17.5;8.25
17.516666666666666;7.75
17.533333333333335;7.75
17.55;7.25
17.566666666666666;7.0
17.583333333333332;8.5
17.6;9.25
17.616666666666667;3.6666666666666665
17.633333333333333;10.8
17.65;8.75
17.666666666666668;11.5
17.683333333333334;11.0
17.7;10.0
17.716666666666665;8.0
17.733333333333334;8.0
17.75;7.25
17.766666666666666;7.25
17.783333333333335;3.0
17.8;10.4
17.816666666666666;2.3333333333333335
17.833333333333332;6.25
17.85;8.0
17.866666666666667;4.0
17.883333333333333;7.75
17.9;7.0
17.916666666666668;6.333333333333333
17.933333333333334;4.75
17.95;6.0
17.966666666666665;5.2
17.983333333333334;6.25
