17.0;17.4
17.016666666666666;19.428571428571427
17.033333333333335;17.8
17.05;17.4
17.066666666666666;17.8
17.083333333333332;18.0
17.1;17.6
17.116666666666667;17.6
17.133333333333333;17.8
17.15;17.2
17.166666666666668;14.75
17.183333333333334;13.0
17.2;13.0
17.216666666666665;15.4
17.233333333333334;15.4
17.25;15.0
17.266666666666666;16.333333333333332
17.283333333333335;17.0
17.3;16.2
17.316666666666666;15.5
17.333333333333332;15.75
17.35;15.25
17.366666666666667;11.666666666666666
17.383333333333333;12.8
17.4;10.5
17.416666666666668;9.75
17.433333333333334;10.0
17.45;11.4
17.466666666666665;12.0
17.483333333333334;12.0
17.5;12.25
17.516666666666666;12.25
17.533333333333335;12.75
17.55;12.5
17.566666666666666;15.0
17.583333333333332;12.0
17.6;11.5
17.616666666666667;8.0
17.633333333333333;12.8
17.65;11.75
17.666666666666668;12.25
17.683333333333334;14.5
17.7;14.25
17.716666666666665;16.25
17.733333333333334;14.25
17.75;13.75
17.766666666666666;13.0
17.783333333333335;13.0
17.8;13.8
17.816666666666666;12.0
17.833333333333332;12.25
17.85;13.166666666666666
17.866666666666667;10.0
17.883333333333333;11.0
17.9;10.75
17.916666666666668;13.0
17.933333333333334;11.5
17.95;15.666666666666666
17.966666666666665;9.2
17.983333333333334;12.0
