17.0;19.8
17.016666666666666;20.0
17.033333333333335;20.0
17.05;20.2
17.066666666666666;20.2
17.083333333333332;20.2
17.1;19.8
17.116666666666667;19.6
17.133333333333333;19.6
17.15;19.4
17.166666666666668;18.75
17.183333333333334;19.4
17.2;19.2
17.216666666666665;19.0
17.233333333333334;19.6
17.25;19.4
17.266666666666666;19.833333333333332
17.283333333333335;19.5
17.3;19.0
17.316666666666666;19.0
17.333333333333332;19.0
17.35;19.5
17.366666666666667;19.666666666666668
17.383333333333333;19.4
17.4;19.75
17.416666666666668;18.75
17.433333333333334;18.6
17.45;19.0
17.466666666666665;19.0
17.483333333333334;19.333333333333332
17.5;19.5
17.516666666666666;19.5
17.533333333333335;19.75
17.55;19.5
17.566666666666666;19.4
17.583333333333332;19.25
17.6;19.25
17.616666666666667;19.333333333333332
17.633333333333333;18.8
17.65;19.0
17.666666666666668;19.5
17.683333333333334;19.5
17.7;19.5
17.716666666666665;19.75
17.733333333333334;20.25
17.75;20.25
17.766666666666666;20.0
17.783333333333335;20.333333333333332
17.8;20.0
17.816666666666666;19.666666666666668
17.833333333333332;19.75
17.85;19.833333333333332
17.866666666666667;20.0
17.883333333333333;20.0
17.9;19.5
17.916666666666668;19.666666666666668
17.933333333333334;19.75
17.95;20.333333333333332
17.966666666666665;19.6
17.983333333333334;19.75
