17.0;12.8
17.016666666666666;16.142857142857142
17.033333333333335;13.4
17.05;13.4
17.066666666666666;13.4
17.083333333333332;13.4
17.1;12.8
17.116666666666667;12.6
17.133333333333333;12.6
17.15;12.4
17.166666666666668;12.0
17.183333333333334;14.0
17.2;14.2
17.216666666666665;13.6
17.233333333333334;13.4
17.25;13.0
17.266666666666666;14.0
17.283333333333335;12.0
17.3;12.8
17.316666666666666;11.75
17.333333333333332;12.0
17.35;12.0
17.366666666666667;10.333333333333334
17.383333333333333;9.6
17.4;10.25
17.416666666666668;10.75
17.433333333333334;13.2
17.45;11.8
17.466666666666665;11.0
17.483333333333334;11.0
17.5;12.25
17.516666666666666;12.0
17.533333333333335;12.25
17.55;12.25
17.566666666666666;13.8
17.583333333333332;12.5
17.6;12.75
17.616666666666667;10.666666666666666
17.633333333333333;14.2
17.65;12.5
17.666666666666668;11.5
17.683333333333334;15.75
17.7;15.25
17.716666666666665;15.75
17.733333333333334;15.75
17.75;15.5
17.766666666666666;15.75
17.783333333333335;14.666666666666666
17.8;16.2
17.816666666666666;15.333333333333334
17.833333333333332;16.25
17.85;15.5
17.866666666666667;15.5
17.883333333333333;17.0
17.9;16.75
17.916666666666668;16.666666666666668
17.933333333333334;16.75
17.95;17.333333333333332
17.966666666666665;17.0
17.983333333333334;17.5
