17.0;14.0
17.016666666666666;13.285714285714286
17.033333333333335;14.2
17.05;14.6
17.066666666666666;14.2
17.083333333333332;14.4
17.1;14.8
17.116666666666667;14.4
17.133333333333333;14.4
17.15;15.2
17.166666666666668;16.25
17.183333333333334;16.0
17.2;14.8
17.216666666666665;13.2
17.233333333333334;13.8
17.25;14.4
17.266666666666666;15.5
17.283333333333335;14.75
17.3;15.2
17.316666666666666;15.25
17.333333333333332;15.0
17.35;13.5
17.366666666666667;14.666666666666666
17.383333333333333;11.2
17.4;12.25
17.416666666666668;12.0
17.433333333333334;11.0
17.45;12.0
17.466666666666665;14.333333333333334
17.483333333333334;14.0
17.5;11.5
17.516666666666666;12.25
17.533333333333335;12.0
17.55;11.75
17.566666666666666;10.2
17.583333333333332;11.75
17.6;11.5
17.616666666666667;11.333333333333334
17.633333333333333;12.0
17.65;12.0
17.666666666666668;11.5
17.683333333333334;10.75
17.7;10.5
17.716666666666665;11.0
17.733333333333334;11.25
17.75;12.75
17.766666666666666;13.25
17.783333333333335;12.333333333333334
17.8;14.0
17.816666666666666;11.666666666666666
17.833333333333332;13.25
17.85;12.333333333333334
17.866666666666667;16.5
17.883333333333333;12.5
17.9;13.25
17.916666666666668;14.0
17.933333333333334;12.5
17.95;10.333333333333334
17.966666666666665;12.8
17.983333333333334;12.25
