15.5;17.0
15.516666666666667;16.75
15.533333333333333;16.75
15.55;14.75
15.566666666666666;14.0
15.583333333333334;14.5
15.6;15.0
15.616666666666667;16.5
15.633333333333333;17.0
15.65;17.0
15.666666666666666;16.5
15.683333333333334;16.0
15.7;16.25
15.716666666666667;16.75
15.733333333333333;18.0
15.75;17.0
15.766666666666667;17.25
15.783333333333333;16.75
15.8;17.666666666666668
15.816666666666666;17.333333333333332
15.833333333333334;16.0
15.85;16.666666666666668
15.866666666666667;16.0
15.883333333333333;17.0
15.9;16.333333333333332
15.916666666666666;17.0
15.933333333333334;17.333333333333332
15.966666666666667;18.666666666666668
15.983333333333333;18.333333333333332
16.0;18.0
16.016666666666666;18.0
16.033333333333335;17.666666666666668
16.05;16.0
16.066666666666666;16.666666666666668
16.083333333333332;17.333333333333332
16.1;20.0
16.116666666666667;18.333333333333332
16.133333333333333;18.333333333333332
16.15;19.0
16.166666666666668;17.5
16.183333333333334;14.0
16.2;13.75
16.216666666666665;14.0
16.233333333333334;17.0
16.25;16.75
16.266666666666666;18.25
16.283333333333335;18.0
16.3;17.5
16.316666666666666;16.75
16.333333333333332;16.25
16.35;16.0
16.366666666666667;16.25
16.383333333333333;17.0
16.4;15.5
16.416666666666668;15.8
16.433333333333334;16.75
16.45;15.4
16.466666666666665;14.2
16.483333333333334;14.2
16.5;15.8
16.516666666666666;17.166666666666668
16.533333333333335;18.0
16.55;17.0
16.566666666666666;16.8
16.583333333333332;14.75
16.6;16.4
16.616666666666667;15.0
16.633333333333333;18.0
16.65;18.4
16.666666666666668;18.2
16.683333333333334;18.4
16.7;17.6
16.716666666666665;17.6
16.733333333333334;17.2
16.75;17.2
16.766666666666666;15.8
16.783333333333335;15.6
16.8;13.6
16.816666666666666;12.6
16.833333333333332;12.6
16.85;13.4
16.866666666666667;14.6
16.883333333333333;15.0
16.9;15.0
16.916666666666668;14.4
16.933333333333334;14.2
16.95;14.0
16.966666666666665;15.833333333333334
16.983333333333334;16.428571428571427
17.0;15.0
17.016666666666666;15.476190476190476
17.033333333333335;13.4
17.05;14.0
17.066666666666666;15.6
17.083333333333332;16.0
17.1;16.0
17.116666666666667;14.8
17.133333333333333;15.8
17.15;14.8
17.166666666666668;15.75
17.183333333333334;16.6
17.2;17.0
17.216666666666665;16.8
17.233333333333334;16.4
17.25;17.0
17.266666666666666;17.166666666666668
17.283333333333335;17.25
17.3;16.2
17.316666666666666;15.5
17.333333333333332;16.0
17.35;16.0
17.366666666666667;15.333333333333334
17.383333333333333;13.6
17.4;13.75
17.416666666666668;14.5
17.433333333333334;14.2
17.45;15.6
17.466666666666665;17.0
17.483333333333334;17.333333333333332
17.5;17.5
17.516666666666666;17.0
17.533333333333335;15.5
17.55;15.25
17.566666666666666;16.2
17.583333333333332;17.75
17.6;17.75
17.616666666666667;17.333333333333332
17.633333333333333;18.0
17.65;17.5
17.666666666666668;17.25
17.683333333333334;16.75
17.7;16.25
17.716666666666665;16.25
17.733333333333334;16.0
17.75;14.25
17.766666666666666;14.5
17.783333333333335;15.0
17.8;18.4
17.816666666666666;17.666666666666668
17.833333333333332;16.75
17.85;15.833333333333334
17.866666666666667;17.0
17.883333333333333;15.5
17.9;16.0
17.916666666666668;14.666666666666666
17.933333333333334;14.25
17.95;12.0
17.966666666666665;15.8
17.983333333333334;16.0
18.0;15.75
18.016666666666666;16.4
18.033333333333335;16.8
18.05;17.6
18.066666666666666;16.428571428571427
18.083333333333332;15.75
18.1;15.25
18.116666666666667;10.578947368421053
18.133333333333333;14.0
18.15;13.75
18.166666666666668;12.75
18.183333333333334;13.0
18.2;13.0
18.216666666666665;14.25
18.233333333333334;15.5
18.25;17.0
18.266666666666666;16.25
18.283333333333335;16.0
18.3;16.0
18.316666666666666;16.0
18.333333333333332;15.75
18.35;14.5
18.366666666666667;14.5
18.383333333333333;12.5
18.4;12.5
18.416666666666668;12.0
18.433333333333334;12.0
18.45;13.0
18.466666666666665;15.333333333333334
18.483333333333334;16.0
18.5;16.333333333333332
18.516666666666666;16.333333333333332
18.533333333333335;16.666666666666668
18.55;16.666666666666668
18.566666666666666;16.666666666666668
18.583333333333332;17.333333333333332
18.6;18.0
18.616666666666667;17.666666666666668
18.633333333333333;17.333333333333332
18.65;16.5
18.666666666666668;16.666666666666668
18.683333333333334;16.666666666666668
18.7;16.666666666666668
18.716666666666665;15.5
18.733333333333334;16.0
18.75;15.0
18.766666666666666;14.666666666666666
18.783333333333335;17.666666666666668
18.8;18.0
18.816666666666666;16.666666666666668
18.833333333333332;17.0
18.85;15.0
18.866666666666667;15.333333333333334
18.883333333333333;16.0
18.9;16.666666666666668
18.916666666666668;16.333333333333332
18.933333333333334;16.0
18.95;17.0
18.966666666666665;9.5
19.0;2.0
19.016666666666666;3.0
19.033333333333335;6.0
19.05;8.0
19.066666666666666;4.0
19.083333333333332;2.0
19.1;10.0
19.116666666666667;2.0
19.133333333333333;8.0
19.15;9.0
19.166666666666668;12.5
19.183333333333334;12.0
19.2;11.5
19.216666666666665;11.0
19.233333333333334;11.0
19.25;10.5
19.266666666666666;10.5
19.283333333333335;6.0
19.3;16.333333333333332
19.316666666666666;16.5
19.333333333333332;17.5
19.35;17.5
19.366666666666667;17.5
19.383333333333333;18.0
19.4;19.0
19.416666666666668;19.0
19.433333333333334;17.5
19.45;17.5
19.466666666666665;16.5
19.483333333333334;17.5
19.5;18.5
19.516666666666666;15.5
19.533333333333335;14.5
19.55;15.0
19.566666666666666;16.0
19.583333333333332;16.0
19.6;15.0
19.616666666666667;14.0
19.633333333333333;12.5
19.65;9.5
19.666666666666668;9.5
19.683333333333334;10.0
19.7;12.0
19.716666666666665;11.5
19.733333333333334;13.0
19.75;12.0
19.766666666666666;16.5
19.783333333333335;17.5
19.8;18.0
19.816666666666666;19.0
19.833333333333332;19.0
19.85;18.0
19.866666666666667;17.5
19.883333333333333;17.0
19.9;17.0
19.916666666666668;18.0
19.933333333333334;18.5
19.95;19.0
19.966666666666665;18.333333333333332
19.983333333333334;18.0
20.0;19.0
20.016666666666666;19.0
20.033333333333335;19.0
20.05;20.0
20.066666666666666;20.5
20.083333333333332;18.5
20.1;17.5
20.116666666666667;16.5
20.133333333333333;17.0
20.15;17.5
20.166666666666668;18.5
20.183333333333334;19.5
20.2;18.5
20.216666666666665;19.0
20.233333333333334;18.5
20.25;19.0
20.266666666666666;17.666666666666668
20.283333333333335;19.0
20.3;17.5
20.316666666666666;17.5
20.333333333333332;18.0
20.35;18.0
20.366666666666667;19.0
20.383333333333333;17.5
20.4;18.0
20.416666666666668;17.5
20.433333333333334;18.5
20.45;19.0
20.466666666666665;19.5
20.483333333333334;20.0
20.5;19.5
20.516666666666666;19.5
20.533333333333335;19.5
20.55;18.5
20.566666666666666;18.0
20.583333333333332;19.0
20.6;19.0
20.616666666666667;19.333333333333332
20.633333333333333;19.0
20.65;20.0
20.666666666666668;20.0
20.683333333333334;18.666666666666668
20.7;11.0
20.716666666666665;15.5
20.733333333333334;16.0
20.75;20.0
20.766666666666666;19.0
20.783333333333335;19.0
20.8;20.0
20.816666666666666;21.0
20.833333333333332;20.666666666666668
20.85;19.666666666666668
20.866666666666667;19.666666666666668
20.883333333333333;19.0
20.9;19.666666666666668
20.916666666666668;19.666666666666668
20.933333333333334;19.5
20.95;20.0
20.966666666666665;19.5
20.983333333333334;19.0
