15.5;12.25
15.516666666666667;12.5
15.533333333333333;13.25
15.55;14.75
15.566666666666666;14.0
15.583333333333334;13.25
15.6;12.5
15.616666666666667;13.0
15.633333333333333;13.25
15.65;13.5
15.666666666666666;13.25
15.683333333333334;12.75
15.7;12.25
15.716666666666667;12.5
15.733333333333333;12.25
15.75;11.5
15.766666666666667;11.5
15.783333333333333;10.5
15.8;9.333333333333334
15.816666666666666;9.333333333333334
15.833333333333334;10.333333333333334
15.85;13.0
15.866666666666667;13.666666666666666
15.883333333333333;14.666666666666666
15.9;15.0
15.916666666666666;14.666666666666666
15.933333333333334;14.0
15.966666666666667;14.0
15.983333333333333;14.666666666666666
16.0;14.666666666666666
16.016666666666666;15.0
16.033333333333335;15.666666666666666
16.05;16.0
16.066666666666666;14.333333333333334
16.083333333333332;12.333333333333334
16.1;12.0
16.116666666666667;12.0
16.133333333333333;12.0
16.15;12.0
16.166666666666668;12.5
16.183333333333334;12.75
16.2;12.75
16.216666666666665;12.75
16.233333333333334;12.75
16.25;15.0
16.266666666666666;14.75
16.283333333333335;14.75
16.3;14.25
16.316666666666666;13.75
16.333333333333332;13.25
16.35;12.5
16.366666666666667;12.5
16.383333333333333;12.0
16.4;11.75
16.416666666666668;12.0
16.433333333333334;14.5
16.45;14.0
16.466666666666665;15.2
16.483333333333334;14.2
16.5;13.2
16.516666666666666;11.5
16.533333333333335;15.0
16.55;12.6
16.566666666666666;12.6
16.583333333333332;11.5
16.6;12.4
16.616666666666667;12.0
16.633333333333333;13.2
16.65;13.8
16.666666666666668;14.4
16.683333333333334;15.2
16.7;15.0
16.716666666666665;14.0
16.733333333333334;13.4
16.75;12.8
16.766666666666666;13.4
16.783333333333335;13.4
16.8;14.2
16.816666666666666;13.4
16.833333333333332;13.2
16.85;12.2
16.866666666666667;12.4
16.883333333333333;12.6
16.9;14.6
16.916666666666668;14.2
16.933333333333334;13.8
16.95;13.25
16.966666666666665;14.166666666666666
16.983333333333334;14.285714285714286
17.0;13.4
17.016666666666666;14.666666666666666
17.033333333333335;14.0
17.05;14.4
17.066666666666666;14.8
17.083333333333332;14.8
17.1;13.6
17.116666666666667;13.0
17.133333333333333;12.8
17.15;12.8
17.166666666666668;13.0
17.183333333333334;13.2
17.2;12.4
17.216666666666665;12.0
17.233333333333334;12.2
17.25;13.2
17.266666666666666;14.166666666666666
17.283333333333335;15.25
17.3;14.4
17.316666666666666;13.0
17.333333333333332;11.25
17.35;13.0
17.366666666666667;12.333333333333334
17.383333333333333;14.8
17.4;14.75
17.416666666666668;14.25
17.433333333333334;12.6
17.45;12.6
17.466666666666665;14.333333333333334
17.483333333333334;14.666666666666666
17.5;14.75
17.516666666666666;13.0
17.533333333333335;11.25
17.55;11.25
17.566666666666666;12.2
17.583333333333332;14.5
17.6;13.75
17.616666666666667;14.666666666666666
17.633333333333333;10.4
17.65;11.5
17.666666666666668;12.0
17.683333333333334;13.0
17.7;14.75
17.716666666666665;14.75
17.733333333333334;15.0
17.75;14.5
17.766666666666666;14.0
17.783333333333335;13.333333333333334
17.8;14.0
17.816666666666666;14.333333333333334
17.833333333333332;12.75
17.85;12.0
17.866666666666667;14.5
17.883333333333333;12.75
17.9;14.25
17.916666666666668;13.666666666666666
17.933333333333334;13.25
17.95;11.333333333333334
17.966666666666665;13.0
17.983333333333334;12.0
18.0;13.0
18.016666666666666;13.0
18.033333333333335;13.6
18.05;14.4
18.066666666666666;13.571428571428571
18.083333333333332;12.75
18.1;12.75
18.116666666666667;15.578947368421053
18.133333333333333;12.5
18.15;12.25
18.166666666666668;13.25
18.183333333333334;14.5
18.2;14.5
18.216666666666665;14.0
18.233333333333334;13.75
18.25;14.0
18.266666666666666;14.25
18.283333333333335;14.25
18.3;12.75
18.316666666666666;13.25
18.333333333333332;13.0
18.35;14.25
18.366666666666667;13.25
18.383333333333333;12.5
18.4;12.5
18.416666666666668;12.5
18.433333333333334;12.0
18.45;11.0
18.466666666666665;10.333333333333334
18.483333333333334;10.333333333333334
18.5;12.333333333333334
18.516666666666666;14.666666666666666
18.533333333333335;13.666666666666666
18.55;13.333333333333334
18.566666666666666;12.666666666666666
18.583333333333332;12.0
18.6;12.333333333333334
18.616666666666667;13.666666666666666
18.633333333333333;15.333333333333334
18.65;14.0
18.666666666666668;14.333333333333334
18.683333333333334;13.666666666666666
18.7;14.666666666666666
18.716666666666665;14.0
18.733333333333334;15.333333333333334
18.75;14.666666666666666
18.766666666666666;15.0
18.783333333333335;14.333333333333334
18.8;14.666666666666666
18.816666666666666;14.333333333333334
18.833333333333332;14.333333333333334
18.85;14.333333333333334
18.866666666666667;14.666666666666666
18.883333333333333;15.0
18.9;15.333333333333334
18.916666666666668;14.0
18.933333333333334;14.0
18.95;14.0
18.966666666666665;15.0
19.0;14.0
19.016666666666666;14.0
19.033333333333335;14.0
19.05;15.0
19.066666666666666;15.0
19.083333333333332;15.0
19.1;15.0
19.116666666666667;15.0
19.133333333333333;14.0
19.15;14.0
19.166666666666668;14.0
19.183333333333334;15.0
19.2;15.0
19.216666666666665;14.0
19.233333333333334;15.0
19.25;14.5
19.266666666666666;14.5
19.283333333333335;11.0
19.3;12.666666666666666
19.316666666666666;11.5
19.333333333333332;12.5
19.35;15.0
19.366666666666667;16.0
19.383333333333333;16.0
19.4;15.5
19.416666666666668;16.0
19.433333333333334;14.0
19.45;14.0
19.466666666666665;14.0
19.483333333333334;15.5
19.5;15.0
19.516666666666666;14.5
19.533333333333335;15.0
19.55;15.0
19.566666666666666;16.0
19.583333333333332;16.0
19.6;15.0
19.616666666666667;15.5
19.633333333333333;15.5
19.65;15.5
19.666666666666668;15.0
19.683333333333334;15.0
19.7;15.0
19.716666666666665;15.5
19.733333333333334;15.5
19.75;15.0
19.766666666666666;15.0
19.783333333333335;15.5
19.8;16.0
19.816666666666666;15.5
19.833333333333332;15.5
19.85;15.5
19.866666666666667;15.5
19.883333333333333;14.0
19.9;14.5
19.916666666666668;14.0
19.933333333333334;14.5
19.95;14.0
19.966666666666665;15.666666666666666
19.983333333333334;15.5
20.0;15.5
20.016666666666666;15.0
20.033333333333335;15.5
20.05;17.0
20.066666666666666;16.0
20.083333333333332;16.0
20.1;16.5
20.116666666666667;15.5
20.133333333333333;15.5
20.15;14.5
20.166666666666668;16.0
20.183333333333334;15.5
20.2;15.0
20.216666666666665;14.0
20.233333333333334;15.5
20.25;15.0
20.266666666666666;15.666666666666666
20.283333333333335;17.0
20.3;16.5
20.316666666666666;16.0
20.333333333333332;16.0
20.35;15.666666666666666
20.366666666666667;17.0
20.383333333333333;16.5
20.4;15.0
20.416666666666668;16.0
20.433333333333334;16.5
20.45;16.5
20.466666666666665;16.0
20.483333333333334;16.0
20.5;15.5
20.516666666666666;16.0
20.533333333333335;15.5
20.55;16.5
20.566666666666666;16.5
20.583333333333332;16.0
20.6;15.5
20.616666666666667;15.0
20.633333333333333;15.0
20.65;16.0
20.666666666666668;15.5
20.683333333333334;15.0
20.7;15.0
20.716666666666665;16.0
20.733333333333334;16.0
20.75;16.5
20.766666666666666;16.5
20.783333333333335;16.5
20.8;16.5
20.816666666666666;17.0
20.833333333333332;16.0
20.85;16.333333333333332
20.866666666666667;16.0
20.883333333333333;17.0
20.9;16.333333333333332
20.916666666666668;17.0
20.933333333333334;16.5
20.95;15.5
20.966666666666665;15.5
20.983333333333334;16.0
