15.5;21.5
15.516666666666667;21.75
15.533333333333333;21.75
15.55;21.75
15.566666666666666;21.25
15.583333333333334;21.0
15.6;21.0
15.616666666666667;21.25
15.633333333333333;22.0
15.65;21.75
15.666666666666666;22.0
15.683333333333334;22.0
15.7;22.0
15.716666666666667;20.75
15.733333333333333;20.5
15.75;21.0
15.766666666666667;20.5
15.783333333333333;21.25
15.8;21.666666666666668
15.816666666666666;21.666666666666668
15.833333333333334;22.0
15.85;22.666666666666668
15.866666666666667;22.666666666666668
15.883333333333333;22.666666666666668
15.9;22.333333333333332
15.916666666666666;22.0
15.933333333333334;21.333333333333332
15.966666666666667;21.0
15.983333333333333;22.0
16.0;22.333333333333332
16.016666666666666;21.0
16.033333333333335;20.666666666666668
16.05;19.666666666666668
16.066666666666666;22.333333333333332
16.083333333333332;21.333333333333332
16.1;21.333333333333332
16.116666666666667;21.666666666666668
16.133333333333333;22.0
16.15;22.0
16.166666666666668;22.25
16.183333333333334;22.0
16.2;22.0
16.216666666666665;21.75
16.233333333333334;21.75
16.25;21.25
16.266666666666666;20.75
16.283333333333335;20.75
16.3;20.75
16.316666666666666;21.25
16.333333333333332;21.75
16.35;22.0
16.366666666666667;21.5
16.383333333333333;21.25
16.4;21.0
16.416666666666668;20.8
16.433333333333334;22.0
16.45;21.8
16.466666666666665;22.2
16.483333333333334;22.0
16.5;22.2
16.516666666666666;21.166666666666668
16.533333333333335;22.25
16.55;21.4
16.566666666666666;22.0
16.583333333333332;21.0
16.6;22.2
16.616666666666667;21.0
16.633333333333333;20.8
16.65;20.4
16.666666666666668;21.0
16.683333333333334;22.0
16.7;22.6
16.716666666666665;22.8
16.733333333333334;22.0
16.75;22.0
16.766666666666666;21.8
16.783333333333335;21.8
16.8;19.8
16.816666666666666;20.2
16.833333333333332;20.4
16.85;20.6
16.866666666666667;18.6
16.883333333333333;18.4
16.9;19.4
16.916666666666668;21.4
16.933333333333334;20.4
16.95;20.25
16.966666666666665;20.666666666666668
16.983333333333334;21.571428571428573
17.0;21.6
17.016666666666666;20.285714285714285
17.033333333333335;21.0
17.05;21.6
17.066666666666666;22.4
17.083333333333332;22.4
17.1;22.0
17.116666666666667;22.2
17.133333333333333;21.4
17.15;21.4
17.166666666666668;21.75
17.183333333333334;21.8
17.2;21.8
17.216666666666665;22.6
17.233333333333334;22.4
17.25;22.4
17.266666666666666;15.666666666666666
17.283333333333335;19.5
17.3;15.6
17.316666666666666;12.25
17.333333333333332;12.75
17.35;12.0
17.366666666666667;12.666666666666666
17.383333333333333;12.4
17.4;13.25
17.416666666666668;14.0
17.433333333333334;11.6
17.45;11.0
17.466666666666665;13.666666666666666
17.483333333333334;15.666666666666666
17.5;16.5
17.516666666666666;16.75
17.533333333333335;15.75
17.55;16.75
17.566666666666666;13.8
17.583333333333332;11.75
17.6;11.5
17.616666666666667;9.666666666666666
17.633333333333333;14.8
17.65;14.25
17.666666666666668;12.25
17.683333333333334;11.25
17.7;12.5
17.716666666666665;14.0
17.733333333333334;16.75
17.75;19.5
17.766666666666666;19.0
17.783333333333335;18.0
17.8;16.8
17.816666666666666;16.333333333333332
17.833333333333332;14.0
17.85;15.166666666666666
17.866666666666667;15.5
17.883333333333333;15.25
17.9;15.25
17.916666666666668;20.333333333333332
17.933333333333334;17.5
17.95;18.333333333333332
17.966666666666665;21.8
17.983333333333334;22.25
18.0;19.75
18.016666666666666;16.2
18.033333333333335;14.4
18.05;12.2
18.066666666666666;11.428571428571429
18.083333333333332;15.0
18.1;17.25
18.116666666666667;7.315789473684211
18.133333333333333;17.25
18.15;16.5
18.166666666666668;16.75
18.183333333333334;16.5
18.2;15.75
18.216666666666665;15.75
18.233333333333334;13.25
18.25;13.75
18.266666666666666;10.75
18.283333333333335;11.5
18.3;11.0
18.316666666666666;12.75
18.333333333333332;13.0
18.35;12.0
18.366666666666667;11.5
18.383333333333333;10.75
18.4;11.0
18.416666666666668;9.75
18.433333333333334;13.666666666666666
18.45;11.333333333333334
18.466666666666665;13.333333333333334
18.483333333333334;14.333333333333334
18.5;18.333333333333332
18.516666666666666;18.333333333333332
18.533333333333335;19.666666666666668
18.55;16.666666666666668
18.566666666666666;16.333333333333332
18.583333333333332;16.333333333333332
18.6;19.0
18.616666666666667;16.333333333333332
18.633333333333333;16.0
18.65;15.0
18.666666666666668;17.666666666666668
18.683333333333334;17.666666666666668
18.7;16.333333333333332
18.716666666666665;13.0
18.733333333333334;16.666666666666668
18.75;17.666666666666668
18.766666666666666;17.0
18.783333333333335;16.666666666666668
18.8;15.333333333333334
18.816666666666666;15.666666666666666
18.833333333333332;16.0
18.85;16.333333333333332
18.866666666666667;16.333333333333332
18.883333333333333;16.0
18.9;16.666666666666668
18.916666666666668;15.666666666666666
18.933333333333334;17.0
18.95;7.0
18.966666666666665;17.25
19.0;21.0
19.016666666666666;22.0
19.033333333333335;22.0
19.05;22.0
19.066666666666666;22.0
19.083333333333332;22.0
19.1;21.0
19.116666666666667;21.0
19.133333333333333;21.0
19.15;22.5
19.166666666666668;21.5
19.183333333333334;21.0
19.2;20.0
19.216666666666665;20.5
19.233333333333334;20.5
19.25;21.5
19.266666666666666;22.5
19.283333333333335;24.0
19.3;23.333333333333332
19.316666666666666;23.0
19.333333333333332;22.5
19.35;22.5
19.366666666666667;21.0
19.383333333333333;20.0
19.4;19.0
19.416666666666668;20.5
19.433333333333334;21.5
19.45;23.0
19.466666666666665;23.0
19.483333333333334;21.5
19.5;21.5
19.516666666666666;21.0
19.533333333333335;21.0
19.55;21.5
19.566666666666666;21.5
19.583333333333332;22.0
19.6;20.0
19.616666666666667;20.5
19.633333333333333;21.5
19.65;24.0
19.666666666666668;22.5
19.683333333333334;22.5
19.7;22.0
19.716666666666665;21.5
19.733333333333334;21.5
19.75;21.5
19.766666666666666;21.0
19.783333333333335;21.0
19.8;21.0
19.816666666666666;21.5
19.833333333333332;22.0
19.85;22.0
19.866666666666667;22.0
19.883333333333333;22.0
19.9;21.0
19.916666666666668;21.5
19.933333333333334;22.0
19.95;23.0
19.966666666666665;22.333333333333332
19.983333333333334;22.0
20.0;22.0
20.016666666666666;21.5
20.033333333333335;21.0
20.05;21.0
20.066666666666666;22.5
20.083333333333332;23.0
20.1;21.5
20.116666666666667;21.5
20.133333333333333;21.5
20.15;22.0
20.166666666666668;22.5
20.183333333333334;22.0
20.2;22.5
20.216666666666665;22.0
20.233333333333334;22.5
20.25;24.0
20.266666666666666;21.666666666666668
20.283333333333335;22.0
20.3;20.5
20.316666666666666;20.0
20.333333333333332;20.5
20.35;21.666666666666668
20.366666666666667;25.0
20.383333333333333;22.5
20.4;22.0
20.416666666666668;22.0
20.433333333333334;23.0
20.45;22.5
20.466666666666665;22.5
20.483333333333334;22.0
20.5;21.5
20.516666666666666;21.0
20.533333333333335;21.0
20.55;20.5
20.566666666666666;22.5
20.583333333333332;22.5
20.6;23.5
20.616666666666667;24.0
20.633333333333333;23.0
20.65;24.5
20.666666666666668;24.0
20.683333333333334;24.0
20.7;22.0
20.716666666666665;23.5
20.733333333333334;23.0
20.75;23.0
20.766666666666666;23.5
20.783333333333335;23.5
20.8;23.0
20.816666666666666;23.5
20.833333333333332;23.0
20.85;22.333333333333332
20.866666666666667;23.0
20.883333333333333;22.666666666666668
20.9;23.333333333333332
20.916666666666668;23.666666666666668
20.933333333333334;24.0
20.95;24.0
20.966666666666665;23.5
20.983333333333334;23.5
